Data for hwk.  speech waveform- vowels.
   1.2705
   -0.1396
    2.8552
   -0.3548
    1.5224
   -3.5091
   -1.3488
   -0.0052
   -1.6947
    1.6814
   -1.6258
   -4.6740
   -2.4028
    2.0012
   -0.6005
    0.2584
    1.5749
   -4.0400
   -0.4167
    0.0035
   -0.4974
    0.7530
    3.2751
   -0.9017
    0.7796
   -3.3924
   -1.6603
   -2.3906
    1.4069
    0.6147
    2.4991
    2.7484
    0.7161
    1.9792
    4.3051
    0.5493
   -0.3976
    1.7162
    0.1724
   -2.2377
    0.6077
   -0.8018
   -1.6051
    1.6236
    3.3642
   -0.5451
    1.5573
    0.2296
    3.1137
   -3.6660
    1.9802
   -0.6254
   -1.2295
    0.5820
   -1.8997
   -0.7663
   -2.1784
   -2.3979
   -0.3544
    1.3535
   -0.7191
   -2.6435
    2.0849
   -1.3141
    0.3515
    0.4984
   -0.1854
    0.5923
   -1.4007
   -4.7402
   -3.5968
   -0.6310
   -2.7462
    0.1304
   -0.2074
   -0.3491
   -0.3669
    0.0215
    0.1143
   -1.3494
    0.5894
   -1.9029
   -3.9078
   -0.1813
    0.4562
    1.1331
    1.3737
    2.6662
   -1.1561
    0.5451
    0.3369
   -0.3688
    5.3253
    0.4141
   -2.4565
    3.0402
   -0.6993
   -4.0830
   -0.5121
    1.4764
   -1.7921
    1.3336
    1.4747
   -0.4819
    3.7179
    0.4691
    0.7099
   -2.3622
   -2.3638
   -0.1630
   -0.1496
    3.6729
   -0.4897
    4.3151
    2.6430
   -4.3902
   -3.6746
   -0.9463
    0.5011
    1.4300
    3.2127
   -0.3274
   -1.2099
   -1.2272
   -1.7163
   -1.4422
    0.4412
    0.4185
   -3.2682
    2.5119
    3.1618
    2.6848
    3.4929
    0.8550
   -1.6595
   -0.7987
   -5.2721
    0.8365
    0.2944
   -1.2057
   -1.6727
   -2.9531
   -1.1481
   -0.1706
   -1.0233
   -0.4998
    1.2785
    1.4954
   -0.1617
    3.6483
    0.8818
    1.4987
   -2.7483
   -4.0823
    0.2649
   -0.4176
   -1.1498
    0.7511
   -2.9650
    2.9596
   -1.5991
   -1.3534
    2.6185
   -1.7084
   -0.4517
   -0.5123
    3.5530
   -0.0390
   -3.0348
   -3.6612
    1.9325
    2.7578
    3.0371
   -1.6871
    1.2483
    1.6021
    2.2903
   -0.3198
   -2.1884
   -2.0108
    0.6253
    3.3332
   -0.4141
   -0.7341
    1.7168
   -0.4752
    4.0990
    2.3237
   -2.5156
   -1.3162
    3.0451
    1.5679
    1.8388
   -2.4853
    0.8183
    0.8713
   -2.6240
   -3.8501
   -2.1240
   -3.1713
   -0.1431
    1.6216
    4.4994
    2.2046
    0.2664
    3.7684
    1.2879
   -0.4678
    0.2906
   -1.8079
    1.3494
    0.5135
    1.3104
   -2.2047
    2.6973
    0.3689
   -4.1478
    1.1407
    3.4214
    2.6892
    4.3004
    3.7568
   -1.5858
   -5.4360
    1.9021
   -1.2184
   -1.6347
   -1.6368
   -2.8367
    1.5599
   -1.2101
   -0.2664
    0.4554
    1.7126
    0.4380
   -3.1908
    2.5897
   -0.0446
    3.8014
   -2.4415
   -1.9285
   -2.3264
   -1.2671
   -2.8834
   -2.2906
   -4.2583
   -0.3260
    2.3596
    1.3851
    0.7280
   -0.2340
   -0.7262
   -2.7552
   -3.2550
   -0.3341
   -1.3418
    0.8208
   -0.9897
    0.7606
    2.2808
   -1.4177
    0.3017
   -0.5328
   -0.0409
   -0.3431
   -3.6553
    0.0264
    2.5859
    0.4309
   -2.1664
   -2.8617
   -0.6192
   -1.0001
   -0.2322
    1.7861
    4.5075
   -3.3647
    1.9945
   -2.2492
    0.7714
   -6.3868
   -1.8598
   -0.7566
   -1.0500
   -0.0924
   -2.5262
   -1.8787
   -1.5200
    0.6727
   -1.1487
    3.4381
    1.0719
   -2.6729
    0.0209
   -0.9416
   -0.2934
   -1.7917
   -2.4030
   -3.2201
   -1.1923
   -2.8880
    2.2879
   -0.8942
    0.5217
    1.0582
    0.9962
   -0.5158
    2.5470
    2.1913
    0.4611
   -0.1796
   -1.6387
   -0.8622
   -2.9220
   -1.1231
   -1.4418
    3.1891
    1.7073
    1.0027
    0.8266
    1.7045
    2.6495
    4.7068
   -0.1710
    0.0513
   -0.6412
   -0.5658
    1.1785
    2.7518
    1.2055
    0.9106
    1.8655
    2.8661
    2.6326
   -1.3989
    1.3245
   -0.7183
   -0.7820
    1.1435
    1.8407
   -1.5038
   -3.7890
   -1.1534
    0.1767
   -0.1956
    3.6550
    0.6889
    3.4352
    0.1832
   -1.4630
    1.3333
   -3.8485
   -4.3539
   -3.0549
   -4.3275
    0.6171
   -0.1921
   -1.6580
   -0.7242
   -1.1813
    0.2200
   -4.8057
   -1.4492
   -2.6727
    1.0333
    1.6971
    0.6078
   -0.4037
   -6.1427
   -1.3560
   -3.2915
   -1.6481
   -0.8882
   -1.4917
    2.8354
    2.4795
    0.9736
    2.6090
    2.9235
   -3.3335
   -1.5907
   -3.6334
    0.6290
    0.7995
   -0.7210
   -0.6184
   -1.1327
    1.9617
   -0.5575
   -0.2761
   -2.1536
    1.4170
    6.4332
    1.5087
   -2.4830
   -0.0064
   -4.2220
   -1.5477
   -5.1389
    0.3752
    2.2835
    4.1671
    4.5201
    0.3287
    2.2357
    2.3222
   -2.5107
   -0.5258
    0.4731
   -3.3681
   -2.2692
    1.5328
    0.0478
    0.9389
    2.3545
    0.4641
   -1.8876
    1.7048
    0.5389
   -0.2203
    5.7270
    1.2775
   -1.6415
    0.4467
    1.6887
   -0.8127
   -0.0950
   -0.6143
   -0.0841
    2.8590
    1.1493
    1.5631
   -0.1806
   -1.1702
   -0.8503
   -2.8767
    0.1231
    0.0949
   -0.0215
   -4.5187
   -1.3848
   -0.2933
   -0.3143
   -0.5709
   -0.4371
   -2.7066
    2.0292
    1.5826
    2.7232
    2.2607
   -0.1721
   -0.4126
   -2.4231
   -2.4898
   -2.1152
   -2.4067
    0.8297
    3.3998
   -0.1044
   -0.2113
    1.8090
    0.1025
    3.0221
   -3.2921
   -1.6935
   -1.0274
    4.6663
    0.6624
   -1.7602
   -1.3521
   -2.1702
    0.8385
   -0.1965
    2.4607
    3.0800
    1.5375
    1.4480
    1.0807
   -1.8319
   -1.5944
   -1.7178
   -3.4587
    1.0024
   -2.4642
   -1.1079
   -1.8390
    2.5049
   -1.2507
   -3.5120
    1.6499
    3.2470
    2.1363
    1.3300
   -0.7897
   -1.1419
    1.9592
    0.9511
   -3.0609
   -0.1405
   -0.6289
   -0.7469
   -0.6009
    2.3265
   -1.7929
   -1.7957
    4.5313
   -0.5065
    4.3285
   -1.5393
   -0.4452
    1.4831
   -0.3806
   -0.9829
    2.7539
   -2.1143
    1.1151
   -1.3347
    1.6878
    2.5685
   -0.2477
    2.6048
    3.1829
   -1.8710
   -0.1006
   -1.7489
   -4.4553
   -2.2255
   -1.1457
   -1.9341
   -2.7913
   -0.2801
    1.4010
   -2.5743
    2.7270
   -1.5143
   -4.6278
   -0.1522
    2.8652
    0.1665
    0.3004
   -0.4170
   -0.4446
    0.7117
   -0.5647
    1.1480
    1.5161
    1.6142
    2.4051
   -0.2129
   -0.8250
   -0.0261
   -0.3545
   -3.5422
   -0.2207
   -1.1313
    4.9633
    1.1847
   -1.6844
    1.8203
    1.7908
   -0.6583
    0.4934
   -1.2561
    0.1516
    1.2129
    2.8822
    1.8559
   -5.4893
   -0.3018
    0.2401
   -1.5551
    0.5997
    1.3165
    3.4367
    4.1383
    3.9171
   -1.6338
   -1.1560
    1.1374
   -3.0669
   -2.7523
   -0.0385
   -0.8326
    1.9268
   -2.3686
    1.4590
   -2.8939
   -2.7753
    0.5271
   -0.2572
   -1.8974
    0.2067
   -0.1124
   -0.8634
    0.8598
   -3.4793
   -0.7234
   -5.8951
   -0.6948
   -0.3763
    1.5164
   -0.3207
    3.1132
   -0.3002
    3.1500
   -3.7462
    0.2069
   -2.3960
   -2.5994
   -0.4881
   -1.0370
    1.9180
   -0.1540
    1.9169
   -1.3247
   -0.3621
    0.4837
    2.4335
    2.1136
    0.8368
   -1.2047
   -0.2546
    0.8964
   -2.8202
   -1.0925
    0.2142
   -1.1854
   -0.4949
    1.0455
    3.5491
    4.4357
   -0.6381
    1.2835
    1.3786
   -0.8415
    4.4906
    1.3379
   -1.8120
    1.6843
    1.3770
    1.1566
   -4.2176
    2.0214
   -4.1490
    1.8565
   -1.7194
    2.1214
    3.7754
    3.3894
    1.1373
   -1.8520
   -1.2870
   -3.3589
   -5.1749
   -3.1532
    0.6767
    1.4709
    0.0990
    1.1763
    1.7066
    0.7613
    0.5386
    4.1010
   -4.4444
    1.0521
    1.0798
    1.6380
   -1.3625
    0.9028
   -1.0684
    0.1588
    0.8104
    2.4108
    0.6961
    4.3094
    2.4560
   -1.1839
    0.5254
   -1.2430
   -4.5754
   -2.3738
   -2.6421
    0.5689
    0.4779
    2.0792
    1.0685
    0.0829
   -0.0692
    0.5178
    2.3532
    1.9747
   -1.9195
    1.2945
    0.4850
    1.5060
   -1.1003
    0.9181
   -2.2036
   -4.6869
    1.7275
    0.8817
    2.1940
    0.3656
    3.5126
   -3.1243
    2.6953
   -0.3658
   -4.1585
   -3.5101
   -0.3769
    0.0786
   -2.0357
   -0.8456
    2.6889
   -1.2980
   -0.4346
    1.2841
    1.9944
    1.1485
   -1.8262
   -1.7544
    1.9746
   -1.2414
    0.3050
   -4.4437
   -1.0795
   -0.4166
   -0.0651
   -1.7936
    0.4227
    2.4227
   -1.7683
   -0.5301
   -1.9544
    1.6910
    2.9590
    1.0440
   -1.6058
    0.5182
   -0.4705
   -2.0698
   -0.1005
   -0.8331
   -3.1954
   -1.7288
   -0.0557
    2.6600
   -0.6519
    0.5577
    0.0996
    1.9667
    2.4610
    1.1020
   -0.0214
   -0.6968
   -0.3608
   -2.6370
    0.0929
    1.0106
    1.2486
   -1.6531
   -1.3057
    1.0559
   -2.2670
   -1.1769
    1.0421
    3.3834
   -2.3054
    0.3784
   -3.0074
   -2.1659
   -2.3216
    2.2851
    2.5418
   -2.5352
    1.2781
    2.7825
   -2.2880
   -0.6464
   -1.9683
   -0.5513
   -3.1539
   -0.7130
   -1.2440
   -2.5142
   -0.2686
   -0.5418
   -0.4729
   -0.6629
   -3.1537
    2.5518
    3.4401
    0.7997
   -0.5450
    0.7900
   -1.3011
   -1.2205
   -5.3609
    1.6207
   -0.4084
    1.4319
    4.2605
   -2.3767
    0.3576
    1.7028
    1.5557
   -1.4689
   -0.3328
   -3.5059
   -1.1711
   -0.9667
    1.8904
   -1.0062
   -1.9122
   -2.1591
    0.0574
   -1.8051
    3.4077
    2.0212
    2.0534
    1.2361
    1.7487
    2.9205
   -5.3005
    0.9105
   -2.7569
   -1.6703
    0.9445
    1.3980
   -2.1113
   -1.4685
    2.5593
   -0.9484
   -3.0617
   -1.0318
   -1.2952
   -2.6966
   -2.3297
    0.6418
   -3.8440
    2.2663
    0.5389
   -1.6029
   -0.9754
   -2.1785
   -1.5873
    2.0974
    3.6480
    4.3099
    0.8063
    1.2256
    2.8498
    2.7799
   -2.5928
    3.1257
   -0.8192
   -1.0440
    2.0563
    0.9521
    3.1189
    1.6809
   -3.0766
   -6.1187
    1.1912
   -1.6440
    2.3161
    3.4781
   -2.1590
    1.1431
   -1.0952
   -2.7127
    2.0310
   -1.2664
    3.2804
    4.8431
   -2.1779
    7.5744
    3.5371
    1.8671
   -2.6515
   -2.0541
   -4.1558
   -3.4080
   -1.9907
    1.4917
    4.1853
    3.0700
   -0.8725
   -4.4156
    0.4975
   -1.1076
   -2.7671
    1.9487
    2.0918
    2.0758
   -1.0325
   -2.1854
   -2.2565
   -2.1014
   -0.6280
    3.3686
    1.3023
    3.0541
    6.0050
    0.6720
    1.9602
    0.2254
   -2.6275
   -6.1204
   -5.5496
   -1.0558
   -1.2454
   -0.7559
   -2.9413
    0.0802
   -0.0841
   -1.7529
    1.7163
   -2.4136
   -0.7015
    1.0355
   -1.4797
    2.6996
    2.1644
   -1.2035
   -4.8087
   -0.3578
   -5.9380
   -0.8368
    7.5222
    2.4172
   -0.8877
    2.6462
   -0.3660
    1.7572
   -1.2298
    2.3100
    1.9077
    0.4882
   -0.6221
    0.1484
   -1.1734
   -1.2108
    0.4704
   -1.9557
   -1.1026
    1.3352
    0.3913
   -1.2290
    2.8039
   -0.5314
   -4.1966
   -2.5421
   -2.1326
   -6.0189
   -3.2151
   -3.2688
    3.1462
    0.7684
    3.0173
    1.4818
    0.9803
   -1.4193
    0.6800
   -2.2918
   -0.9480
   -1.0137
    0.1961
   -4.4624
   -4.1875
   -1.1433
    1.8215
    0.4999
   -0.0607
    1.5782
    2.1554
    5.5912
    0.6791
    1.6446
   -1.2764
   -3.1408
   -0.7933
    1.2310
   -3.5292
   -1.8681
    0.1165
    1.3008
   -1.7382
   -1.3598
    1.2693
   -2.3069
    2.8871
    2.7793
   -0.3555
    1.6826
    2.0882
   -0.7213
   -0.1257
   -1.4955
   -1.0301
   -0.1456
   -0.9254
    0.2581
    1.7833
    3.3271
   -0.6980
    2.5907
   -2.5569
    0.2374
   -3.4116
   -2.0981
   -0.9720
    0.5053
    3.6326
   -0.1540
   -1.3227
    0.7090
   -2.1974
    0.6800
    2.3038
    0.9472
    0.7812
    0.5922
    0.0174
    1.6800
    1.9939
   -0.2814
   -3.5576
    0.9592
   -0.0169
   -0.5495
    2.8064
    1.8407
   -0.1867
   -1.0697
   -2.2727
   -4.0544
   -3.3664
   -2.2871
   -0.8544
   -0.0131
   -0.3329
   -3.5344
    0.4707
    0.4912
    3.4096
    0.3300
    1.8316
    0.7018
    2.4986
    2.1767
   -0.0621
    3.7908
   -2.1655
   -0.4914
   -4.4336
   -0.7295
   -2.8475
    0.8368
   -1.8405
   -0.9820
   -1.7812
   -0.3701
    2.0045
    3.4748
    1.3581
   -0.8081
    0.1578
   -2.4157
   -3.2989
   -4.3540
   -4.9294
   -0.3636
    2.1691
    2.0876
    1.9838
    1.7154
   -0.2921
    3.5391
   -1.5571
   -4.3676
   -2.0178
   -2.0118
   -0.4438
   -0.4669
   -1.1886
   -3.1015
   -0.7890
   -3.1564
   -0.1680
    2.1787
    5.5310
    2.0922
    1.7504
    2.4677
    0.3576
    1.2398
   -2.2170
   -1.4913
   -2.3785
   -1.5185
   -0.1271
    3.3776
    1.9840
   -2.3170
    4.1547
    0.9456
   -4.0189
   -1.8029
   -0.3764
   -1.8945
   -0.2362
    0.7380
    1.9569
   -3.1837
   -2.5611
   -1.6002
    0.5424
    3.5624
    5.2847
    3.0215
    2.7411
   -0.0526
   -1.0245
   -3.2756
   -1.0135
    0.7998
    1.7671
   -0.3233
    1.5514
    2.8003
    0.3150
    1.3320
    0.9114
    0.7291
   -1.7319
    2.3176
    1.8398
   -4.6954
   -2.2082
   -1.0147
   -4.8162
    2.0826
   -0.4626
    0.9303
   -1.7588
    1.7445
    5.2386
    3.2049
    2.6483
    1.2067
   -1.1800
   -3.9701
    2.4436
   -4.0561
    0.4140
    1.1449
    5.0754
    0.4060
    3.7280
   -0.6415
    0.4427
    1.4491
   -1.7863
    1.6003
    4.0210
    0.4910
    4.9903
   -2.2236
    4.1615
   -1.5725
   -0.5739
   -2.0613
   -3.0779
    1.0405
    3.1767
    3.3333
   -2.5249
   -4.0777
   -1.9905
   -1.4489
    3.4211
   -1.4925
    0.1744
    2.2089
   -0.5514
   -1.8572
   -3.0746
    2.2892
    0.9938
    3.6542
   -0.1167
    3.0702
    5.0281
    1.5666
   -0.4643
   -4.5713
    0.6326
   -0.3856
   -2.6246
    1.0620
    5.3322
    2.4615
    2.3083
    3.9264
    0.4730
   -3.0293
   -2.0420
    0.4585
   -2.6155
    2.3801
    0.4676
    0.2982
    0.6593
   -0.5143
   -1.6566
    0.6251
    2.8002
    4.1423
    0.0065
    3.1533
   -0.9377
    2.8221
   -0.7949
   -1.2379
    1.4264
   -5.8330
   -0.5990
   -1.9399
   -1.9995
    2.8137
    0.6030
    0.0660
    0.3690
   -1.1842
   -1.6252
    1.3821
   -1.7393
   -0.4562
    0.9631
   -1.9687
   -0.8084
    0.2025
   -0.6206
    4.7989
   -2.1125
    3.3975
    3.4005
    0.0850
   -0.1101
    0.1313
   -1.0879
   -1.9068
   -4.9621
    2.0548
   -1.4380
    0.5518
    1.5035
    2.8914
    1.8120
    0.8542
   -2.7775
    1.8786
    3.2974
   -2.5018
   -2.5685
    0.1641
   -0.0379
   -2.5592
   -2.5414
   -1.5953
   -3.6046
    1.2330
    0.9440
    1.9736
    5.1917
    0.1208
    3.9254
    1.8769
   -1.4505
   -0.9099
    1.4270
   -0.2180
    0.7505
    1.1110
    0.3545
    3.0036
    2.0666
    3.3837
   -0.8011
    1.4935
    2.2715
    1.4929
    3.5549
    1.6209
   -2.7160
   -2.2444
   -3.2969
   -1.0447
   -2.0767
   -4.2075
   -0.2662
    4.6530
    1.1853
    6.7542
   -2.7699
   -1.4352
    0.1651
    1.9325
   -1.7022
   -1.3561
    2.4470
    0.1424
    1.3869
    2.0875
    0.1098
    1.8421
    1.7311
   -1.7665
    0.3938
    2.6491
   -2.7981
   -1.2878
   -5.7126
   -2.9941
   -2.2296
   -1.0752
   -1.9928
   -5.9144
    4.2192
    0.7241
    4.2683
   -1.8338
    2.0087
    0.7699
   -1.4300
    4.4868
    3.9309
    1.6551
    0.0385
    0.7182
    0.5761
   -2.2328
   -1.4515
    2.6716
    2.5145
    1.9573
    0.2107
    0.7704
    2.7981
    0.7216
   -1.2239
   -0.2542
   -5.4288
    1.0760
   -0.6210
   -0.4225
    2.1484
    2.3398
    2.8308
    2.2321
    2.4807
   -0.5595
   -1.3051
   -0.8136
   -0.0246
    2.7992
   -3.2986
   -1.6462
   -0.8619
    0.1135
   -3.0757
   -0.4417
    1.0805
    1.8004
    2.7432
    1.4674
   -0.5687
   -1.0067
   -1.0849
    1.1996
   -0.5784
   -0.7352
    0.3876
    1.2587
    4.0655
    0.8952
    3.1315
    0.5734
    1.6305
    1.5250
    4.3489
   -0.8235
   -0.9040
    1.1146
    1.3196
   -1.0419
   -2.2494
    1.2246
   -2.3065
    1.6191
    4.9208
    2.5449
    0.1221
    6.2143
   -1.1810
    0.1983
    0.7115
    1.4030
   -0.9189
    0.9273
   -3.5662
    0.1797
   -1.6304
   -3.7558
    1.7073
    2.6115
    0.6732
   -1.3227
    6.2426
    0.7346
    2.9454
   -0.0389
    1.8036
   -1.0306
   -2.9530
   -1.5230
   -1.0351
    3.0671
    2.5330
    2.2747
    0.2064
   -0.8315
    1.5111
    2.6269
   -2.1208
   -2.9263
    3.3345
    0.2643
   -1.6275
   -2.8649
    1.6837
    2.0037
    2.6245
    0.8998
    0.6665
    5.6305
    4.3718
   -1.7485
    1.0343
    4.9362
   -2.4015
   -1.2329
   -2.5895
    1.2867
   -1.8062
    0.4869
   -0.5424
    0.6940
    2.9611
    0.6371
   -0.0077
   -1.9375
   -2.8461
    1.0979
    1.4556
    0.9570
   -3.9560
    0.4884
   -0.9453
    0.9401
   -0.8658
    0.1264
   -0.3853
   -0.3984
    1.4094
    4.5876
    4.4299
   -2.9003
   -0.3426
   -1.5845
   -1.1909
    0.7529
   -2.2190
   -1.6957
    1.0659
    0.9535
   -0.3845
   -0.4982
    1.8209
   -0.9212
    0.4309
    2.4885
    1.5321
    3.4604
   -0.5885
   -1.4097
   -2.6091
   -2.8607
    0.8015
   -2.6317
    0.4602
   -3.4464
    3.4050
    2.5563
    2.3856
   -2.4104
   -1.0650
   -0.8892
   -4.3258
   -3.9258
   -1.3442
    2.7633
    4.1627
   -0.0405
   -3.9105
    0.2396
    0.9898
    0.6756
    1.7650
   -2.1369
   -1.8874
    1.8715
   -1.2939
   -4.9385
   -2.6359
   -3.2679
    0.5568
    0.1490
    1.7652
    2.5518
   -0.6450
    1.0715
   -0.0319
    1.0650
    3.2666
    0.2768
   -0.3005
    0.1228
   -1.2511
   -3.8258
    0.1658
   -1.9483
   -0.1557
   -0.2567
   -0.4722
    1.8394
    3.2815
    2.0598
    1.3308
   -2.0124
    1.5497
    0.6455
   -6.9996
   -5.5230
    0.2723
   -1.3595
   -1.5323
    6.3358
   -1.0170
   -2.0834
    0.6299
   -1.5207
   -2.1771
   -2.4524
   -0.6836
    1.3513
   -3.1864
   -1.0461
   -1.4374
   -2.2306
    0.8555
    1.0534
    6.6647
   -0.8218
    2.3142
    3.2528
   -0.3294
    0.8222
    2.2262
    0.0613
    0.3554
   -1.3211
    0.3932
   -0.7285
    0.1893
    0.1770
    2.1044
    0.8084
   -0.0279
   -0.3966
    0.3070
   -1.2776
    2.4425
    2.6909
   -2.5469
    2.0528
   -2.8332
   -1.4074
   -0.3551
   -0.4925
    0.7717
   -0.5852
    1.8009
    2.5870
    4.2317
   -0.1988
    2.2867
   -1.8140
   -3.3909
   -1.8112
   -1.1535
    1.3038
   -2.7810
   -0.6202
   -2.7056
   -5.8198
    0.7048
   -0.8436
    3.6829
    0.9430
    3.4258
    2.3252
    3.4289
   -2.9869
   -4.2847
    0.2227
   -1.6340
   -0.5356
    2.0812
    2.4264
    2.1743
    3.0774
    1.9137
   -2.6705
    0.3039
   -1.5425
   -2.0690
    0.2907
    0.1134
   -1.4231
    0.2905
    0.3108
    0.1478
   -1.3826
   -2.1442
    0.1291
    0.7143
    1.9252
    2.4462
    4.2675
   -1.0689
   -1.9318
   -2.3549
   -3.0988
    0.3459
    0.0958
    2.0085
    2.8030
   -1.7098
    2.0999
   -1.5861
   -1.5659
   -1.3816
   -0.2453
   -2.5438
    1.9665
   -1.4268
    1.0468
    2.5338
   -0.9489
   -1.9025
    0.9188
   -1.4580
    1.7975
    2.0246
    1.3391
   -0.5499
   -2.2144
   -1.2167
   -0.1002
   -1.9783
   -3.7226
    0.7223
    2.4964
   -1.5886
   -5.3115
    2.1037
    0.0926
   -3.7099
   -0.8640
    3.1305
   -0.0974
    0.3997
    0.3720
   -0.5788
   -2.3612
   -4.1606
   -0.3319
    0.3931
    1.7338
    5.9263
    1.9732
    1.8978
    3.2911
    0.4895
    2.4565
    2.5864
    0.7174
    1.4900
    0.4432
    0.3585
   -1.3268
   -0.0880
   -2.5852
    3.3159
   -0.6443
   -1.2641
   -1.1088
    3.2007
    2.4353
    2.8956
    2.3797
   -1.0343
    1.4193
   -1.6603
   -0.0672
   -4.2729
    0.5813
    0.1490
    0.0756
   -2.8517
   -2.7480
    0.0961
   -0.4859
   -2.8795
   -1.8823
    1.7845
   -0.3048
   -0.1561
    1.4468
    2.1247
   -3.2886
    2.6973
   -0.0611
   -0.0660
    4.6507
    3.1776
    1.0601
    0.5351
   -1.2887
   -2.8743
   -0.3194
   -1.8596
   -6.9800
   -0.7991
    1.5176
    2.4356
    0.7187
   -0.3719
    1.0948
   -1.0743
    1.0970
   -3.8016
    1.4180
    3.7023
    1.7786
    0.9107
   -2.4994
   -2.4901
    1.0769
   -2.0823
   -3.7380
   -1.0283
    3.5202
    2.0820
    2.5026
    2.0193
    3.6155
    0.3111
   -6.1635
    1.3493
    1.9087
   -1.1086
   -0.9431
    2.5464
   -0.6042
   -0.6948
    2.7389
    0.5847
    4.1250
   -0.8076
   -0.0687
    4.3471
   -0.9270
   -3.3450
   -2.8623
   -1.5299
   -0.9961
   -0.7059
   -1.2055
   -0.9236
    4.1307
    6.6209
    5.8815
    5.1021
   -0.9027
    0.0763
   -1.2911
   -0.7955
   -1.2286
   -0.4132
    2.0312
    0.8271
   -3.1038
    0.0474
    4.9799
    0.0933
    1.8177
   -2.7479
   -0.0661
    0.2036
    0.6208
    0.9542
   -4.8587
   -2.6440
   -3.0829
   -2.3134
    0.9756
    3.9917
    2.4587
    2.7336
    3.1214
    2.1596
   -2.9463
   -0.5464
   -0.1049
    4.7062
    1.8639
    0.1288
    0.3602
   -4.9091
   -5.7167
   -1.6711
    2.2088
    1.6141
    0.9900
    1.7735
    5.6216
    3.6744
   -0.7116
   -1.7186
   -1.5866
   -0.9781
   -3.7964
   -5.9719
   -0.7075
    5.3473
   -0.1588
    3.6621
    2.7529
    1.5098
   -0.3033
    0.0477
   -1.6320
   -1.5761
    1.5706
    1.5348
    3.2708
   -2.6010
   -0.3663
    1.9340
    4.0532
   -0.6673
   -1.3876
    1.5736
    2.6604
    0.1782
    1.4114
   -3.9457
    0.7486
    0.5459
    0.1124
    2.3149
    1.5017
    1.4090
   -2.4617
   -1.7298
   -2.9568
   -2.9390
    0.5579
    0.3392
    0.4182
    2.1974
    0.4405
   -0.5329
   -0.4514
   -2.8895
   -3.8630
   -1.1589
   -0.9981
    4.3182
    1.2748
   -0.0785
    1.0450
    3.8661
    2.7477
   -3.0298
   -0.8592
   -0.2885
    4.1312
    0.5974
    4.0437
   -0.3486
   -0.9195
    2.3889
   -0.4623
   -0.5242
   -0.6814
    0.9119
    0.7015
    3.9469
   -1.4617
   -0.4925
   -1.7717
   -7.9544
    0.3387
    0.9439
   -0.5787
   -4.1212
   -0.3983
    2.5228
    2.3916
   -0.9433
    2.0026
   -1.1160
   -0.3677
   -2.9222
    3.3087
    0.2557
   -3.9966
   -6.3701
   -0.5278
   -0.6909
    0.3020
   -0.3931
    1.3609
    1.4328
    1.8519
    2.9151
    0.7015
   -2.6547
   -2.9973
    1.0149
   -5.5202
   -0.4326
    0.3312
   -0.1793
   -1.2745
    0.9918
    1.3198
    3.5729
   -1.0016
   -1.7405
    0.3771
    1.7746
   -2.8244
    1.1996
    1.0748
   -1.5531
   -1.6062
   -0.5122
   -1.5463
    0.7204
    3.2217
    1.3603
   -0.5658
    3.7461
    0.5851
    1.1480
   -0.3988
   -3.2476
    2.5292
   -0.2504
   -1.2261
   -1.1751
    0.1905
    1.3703
    0.7086
   -1.1963
   -0.4641
    3.0279
   -0.3480
    0.2292
    3.9961
   -3.7802
   -0.7963
   -3.1939
   -1.3450
    1.5516
    0.9242
    3.7908
   -0.5539
    2.9518
   -0.8424
   -0.7945
    5.1000
   -0.1235
    0.1620
   -0.1959
   -0.4231
    0.1500
    1.8201
    0.8433
   -1.7272
   -2.6988
   -2.2242
   -3.8767
    0.3024
    0.6085
    3.7587
    0.4716
    1.9691
   -0.5782
    0.6961
   -2.7514
    1.8812
   -1.0554
   -0.3737
    1.3418
    1.1108
    0.6962
   -1.9098
   -0.3057
    1.4560
    0.0792
   -4.2802
   -0.2213
   -1.3588
   -0.5534
   -0.6784
    2.9735
   -3.3437
   -0.2771
    2.2497
    0.6755
   -1.8741
    0.2735
   -2.3967
    2.9192
   -1.4384
    0.1559
    1.3328
   -0.7174
   -2.9249
    0.8176
   -0.6934
    1.3146
   -0.2810
   -3.6393
   -3.1170
    0.4987
   -1.5007
    3.0004
    1.5508
    1.2620
    0.4149
    3.3382
    0.2610
    1.7416
    1.9008
   -1.2320
    0.5469
   -1.4097
   -0.1325
   -4.0953
   -3.9995
   -2.0217
   -3.6906
   -2.7230
    0.3707
   -0.7743
   -3.1469
    1.9164
    0.8270
    3.6646
    7.7638
    1.2176
    2.3027
   -1.0481
    3.0193
   -0.8609
   -0.1084
   -0.0173
   -1.9078
   -0.6681
    2.0702
    2.9365
    0.6166
   -2.0540
   -0.6673
   -0.5017
   -0.1849
    3.4890
    2.1525
   -0.0214
    4.2727
    3.0607
    5.3989
   -2.9603
    1.3896
   -2.7921
   -0.8792
    2.3899
   -0.6250
   -0.4358
   -3.3323
    3.2781
    0.3383
    5.3558
   -1.9703
   -3.8263
   -0.8812
    2.3329
    4.4015
   -0.1835
    4.5454
    0.0059
    2.3080
    0.0096
    3.4765
   -3.1088
   -0.2132
    0.2837
    0.7625
    3.3427
   -2.1784
    5.1722
   -2.2216
    2.2281
    1.5667
    0.0207
   -0.4424
    1.3644
   -0.1961
    5.7805
    2.7109
   -0.2473
   -0.2963
    0.2493
   -0.1498
    2.1692
   -0.0914
    0.2152
    1.2228
   -1.6496
    0.1633
    4.1585
   -1.5097
   -0.3670
    2.2337
   -1.7627
   -0.8634
   -1.3157
   -1.1065
   -0.0304
   -3.9774
   -2.4957
   -1.4982
    0.3200
    1.8111
   -1.3576
   -1.9192
   -0.1733
    4.4658
   -0.5753
   -1.4791
   -1.0101
   -3.3982
   -4.0672
   -3.4764
    2.2678
   -1.1398
   -0.8246
    1.1905
    2.3122
    2.8706
   -2.4963
   -0.0058
    2.0491
   -1.1796
   -3.6427
   -0.4696
   -1.5081
    3.7828
   -0.5187
    0.0018
   -1.5938
    1.0563
   -0.9923
    3.3869
    2.1285
    3.4925
    0.3052
    0.3449
   -0.4943
    0.1926
   -2.0437
   -1.8950
    0.1605
   -1.6763
   -2.4025
    2.9865
    1.7692
   -1.9343
   -0.0075
   -3.9225
    3.6544
    0.4259
    1.6663
    0.4914
   -2.0569
    2.5072
    2.8383
    0.3438
    1.4777
   -2.3603
   -0.5779
   -2.2394
    0.0508
    0.1581
    1.3732
   -1.9278
   -2.7977
   -0.2779
   -2.3748
   -2.1198
    1.4912
   -1.1717
   -1.7922
    0.7462
   -0.3416
   -1.1917
   -0.6292
   -0.4320
    1.8695
    5.0960
    0.4636
   -0.8852
    1.1493
    1.6424
    1.7904
    0.2620
   -3.3107
   -0.5685
   -2.1316
   -0.1412
   -0.7576
    0.6839
   -1.5357
   -2.0934
   -2.6495
   -0.6818
    5.1867
    5.0413
   -1.9961
    0.0423
    1.3029
    0.7072
    4.4608
    0.5321
   -2.5312
   -3.3303
    0.1518
    0.0866
   -3.7444
   -0.5058
   -1.4662
    2.3073
    0.2083
    1.6179
   -1.4767
   -0.3821
    2.8668
    4.4574
    2.1241
    6.1671
   -0.2068
    2.3171
    0.9297
    0.2870
    4.0639
   -0.3817
   -2.3455
   -1.7972
    0.2422
    0.0186
   -0.4316
   -1.6950
   -3.1373
   -0.0559
   -1.8701
    1.0415
    0.7426
    0.6420
    2.2503
   -0.9101
   -0.6190
    4.9881
    5.0329
    0.8800
   -1.5704
    1.4360
    0.4211
   -5.2118
   -1.8132
   -1.8801
    0.4670
    0.5942
   -6.8326
   -2.8509
   -3.6088
   -1.2458
   -2.1349
    1.3247
   -0.8469
    1.2220
   -1.3585
    2.0082
   -1.4864
   -3.2352
   -2.7790
   -0.3618
    1.1203
   -1.4902
    3.0674
   -1.0697
   -1.4086
   -2.0133
   -1.2953
    1.4746
    2.1405
   -0.1949
   -5.5703
    4.7809
   -0.3271
    5.7787
    3.0903
   -5.5345
   -0.6063
    0.5020
    2.1798
    1.3672
    0.0972
   -1.3519
   -0.7698
    2.8809
    1.2182
   -0.5736
   -0.9742
    0.3124
    0.1087
   -0.1534
   -0.4295
    1.4225
    2.0039
    2.8790
    2.9800
    0.1229
    2.4303
   -2.5950
   -1.5412
   -3.5431
    2.6225
    0.8550
    0.8549
   -2.1097
   -0.9718
   -2.4972
   -1.9368
   -1.4765
    3.4345
    0.3229
   -0.1964
    0.6285
   -0.1689
    3.6781
    1.9250
    0.6486
    1.3260
    3.5444
    2.6427
    1.9676
   -3.8079
   -2.7098
    1.9961
    2.2174
    1.6266
   -1.0875
   -0.7025
   -0.6545
    1.1381
    4.1057
    1.1760
    0.4557
    1.2263
   -1.8919
    5.8922
   -0.1145
    3.8935
   -1.0026
    0.8458
   -0.7217
    3.2647
   -0.8522
   -1.9132
   -0.5030
    1.7858
   -1.6466
   -2.5308
    0.8466
   -0.0871
   -3.1554
    3.4956
    0.6556
    1.9716
    2.3833
    1.9135
   -0.4835
    1.2211
    2.4362
    1.6794
   -0.4012
    1.8978
    1.6001
    1.0077
   -2.2597
   -1.0628
    0.0809
    1.9297
    0.9319
    0.7929
    2.4576
    2.4221
    0.5848
    0.2010
    1.9843
    1.4734
    1.0814
   -7.1665
    2.9713
   -2.9472
   -1.5636
   -4.2067
   -3.5237
   -4.2485
    0.3361
    3.0675
   -2.0027
   -2.3507
   -3.4136
    1.5727
   -0.9565
    1.4591
   -0.9167
   -0.7267
    0.8836
    2.5396
   -1.1083
   -1.3797
   -2.1434
   -2.8127
    0.2923
   -1.2454
   -1.7914
   -5.7887
   -2.6381
   -0.7005
    1.4302
    2.0957
   -0.7210
   -1.7792
    2.2449
   -4.8047
    4.0416
    2.2183
   -0.8748
    1.0308
   -1.8744
    2.7961
    4.4763
    3.7695
   -1.2581
   -3.5518
   -3.1543
   -2.5169
   -1.2613
   -4.9787
   -0.5405
   -0.0173
   -0.4068
   -0.4901
    1.4020
   -0.6479
   -0.6677
    1.5674
    2.6621
   -0.7831
    2.8603
   -1.6126
   -3.3722
   -5.6888
   -2.4929
    0.0865
   -2.4925
   -5.6415
    0.3857
    2.8193
    0.0881
    0.9087
    2.1270
   -1.6824
   -1.0675
    2.8207
    1.6554
    0.1928
   -0.7191
    0.2947
    3.0232
    2.2347
    3.1203
    1.5629
   -1.1586
   -2.1111
   -1.6644
    0.8746
    1.0593
   -0.8181
   -0.3048
   -1.7126
   -0.7674
   -3.5435
    3.5314
   -2.1775
    1.1569
    4.0427
    2.0721
   -2.0841
   -3.7869
    1.9764
   -1.8816
    1.1796
    2.0502
    1.5752
   -1.2680
   -0.5636
   -0.3675
    0.5264
   -1.1093
   -2.0566
   -1.2619
   -0.6801
    1.6246
    2.7710
    0.8665
    1.8232
   -0.2392
    3.7154
   -0.4699
    1.0242
   -3.2874
   -2.8957
   -2.7656
    0.8919
   -0.6971
   -2.5684
   -1.6691
   -1.6760
   -1.1279
   -1.7630
    1.9727
    0.1335
    0.8607
    3.1090
   -0.8451
    2.4857
   -1.3664
   -0.6097
   -0.0459
   -2.3683
   -1.6693
    0.8433
   -0.7803
    0.0098
   -5.1611
    0.7140
    0.9907
    2.3478
   -1.4391
   -0.8556
    0.0251
   -0.6510
    2.2864
   -2.3873
   -1.7628
    0.5554
    2.6934
    3.2272
    1.3820
    3.4865
    1.9916
   -2.0110
    2.9346
    1.1328
    2.7730
   -0.7243
   -1.5418
    0.4358
    4.6000
    0.2438
   -5.2285
   -4.3343
   -1.6674
   -1.1517
    0.3405
    0.2400
   -1.3454
   -3.2594
    0.1092
    2.9823
   -0.0730
   -3.0094
   -1.3139
   -1.7639
    0.0656
    0.6898
   -5.3577
   -0.3509
   -0.7916
   -1.3426
    2.1606
    1.7462
    1.3760
   -2.9637
   -0.7933
    0.3099
   -0.0076
    0.8350
    1.1583
    1.7265
    1.7468
    0.7518
   -2.1006
   -1.4667
   -1.1405
   -1.5299
   -0.2835
   -1.5065
   -3.6503
   -1.3758
    0.5348
    0.2076
    2.4427
    1.5357
    2.0241
    2.6074
   -2.0135
   -1.2233
   -0.6290
    2.8879
    0.9392
   -2.7884
   -0.1197
   -2.6339
   -0.3626
    3.2621
   -2.2496
   -0.2719
    0.3918
    0.2065
   -1.5831
   -3.9755
   -1.1680
   -1.1535
   -0.7440
    3.3285
   -0.4724
    0.3929
    0.5747
   -0.1636
    1.7222
    3.6589
   -3.8779
   -3.0346
   -2.5146
   -3.4043
   -0.0206
    1.0147
    3.0464
    1.5600
    2.2797
   -0.9213
    2.8965
    2.9435
   -0.3678
    1.8235
   -1.6325
    3.5526
   -2.6412
   -3.5405
   -2.2369
   -0.6355
    4.4419
    1.6963
   -1.3824
   -0.1118
   -1.4131
   -1.6817
   -0.3583
   -0.1581
    0.5353
   -0.1013
    1.3555
    2.9088
   -2.4027
    3.0137
   -0.1170
    0.7800
    3.1616
    2.3205
    0.5120
    3.0152
    0.1685
   -2.0873
    0.6746
   -0.3679
    4.8041
   -3.2120
    1.8949
   -1.5110
   -0.4221
   -0.0346
   -1.7833
    0.5287
   -0.3955
    2.2331
    3.5742
   -2.6862
   -3.4586
    1.9929
   -1.0790
   -1.2969
   -0.6048
   -0.7185
   -4.3552
   -1.4734
    0.4127
    0.1291
   -0.3263
   -3.9027
   -2.3733
   -2.1177
    1.6447
    0.9926
   -0.1320
   -1.1964
   -0.3484
   -0.6671
    0.8438
   -2.1393
   -0.2227
   -3.2306
   -3.4672
    1.7966
   -2.0207
   -0.1080
   -1.9446
    2.6881
   -4.3971
    1.7720
    1.7714
    1.3016
   -0.3246
    0.2472
    3.8984
   -0.0129
   -0.4005
    0.0478
    0.4878
   -3.2722
    1.3184
    0.6528
   -1.0790
   -2.1585
   -2.4498
    2.7601
    3.3503
   -2.2596
   -0.5965
   -0.8126
    1.6609
    1.0263
    0.4401
    0.6583
   -2.7575
   -0.0139
   -2.2093
    4.7420
    0.0277
    1.0907
    2.9642
   -2.1535
   -0.4135
   -1.1423
   -1.6998
   -0.0182
   -5.4416
    1.7756
    1.8413
    0.5458
    0.6656
   -1.3826
    3.0333
    1.8160
    0.6906
    0.2620
    2.9218
    0.1733
    0.3805
    2.2642
    0.4165
   -0.0458
   -1.8934
   -0.1466
    2.4488
   -0.8743
    0.5017
   -2.4839
   -2.1246
   -0.3061
    0.4093
   -0.1724
   -2.6034
   -2.3219
    1.5801
    4.5528
   -0.5465
    0.0892
    1.3881
   -0.7859
    2.3914
   -0.9130
   -0.6367
   -4.5998
   -3.9482
    0.7893
    0.1337
   -0.7612
    0.3923
   -2.2530
    0.1165
   -3.4369
    3.6242
    1.9258
    1.9945
   -1.2539
   -2.2248
   -1.3848
   -2.2848
    1.0630
   -3.5943
    1.0759
   -1.9952
    2.4770
   -0.1554
   -3.0527
   -1.6382
    1.5857
   -1.1312
    0.0493
    1.3817
    0.8139
   -1.2711
    1.6476
    0.2038
    1.6532
    3.3636
    1.8469
    2.7205
    1.6734
    2.5124
   -0.9458
   -0.1208
   -0.6429
   -1.7455
    2.7072
    2.8351
   -1.2861
   -3.6066
   -4.3517
    0.2811
   -0.5217
    0.0480
    2.9497
   -1.8238
    1.0638
    0.1967
   -0.6577
    3.2468
    1.3593
    0.4672
   -0.0931
    0.1415
    0.0568
    0.5040
   -1.9550
   -3.1335
   -2.0381
    3.3399
    0.4035
   -3.8346
   -1.6974
   -0.3526
    2.6428
    4.8477
    3.7177
   -0.0814
   -0.4557
    1.8071
    2.6624
    1.3993
   -0.6647
   -3.0081
   -2.7674
   -0.3825
   -1.4197
   -3.0423
   -1.2623
   -4.6354
   -0.0868
    2.8282
    0.9264
   -1.2935
   -1.3688
    0.3963
    0.9356
   -0.0858
    2.6836
    1.8075
   -0.9983
    1.5356
    0.1843
    3.1843
   -3.1349
   -4.1263
    0.2293
    1.0570
    0.3479
    1.4520
    2.4652
   -2.0270
   -1.5205
    6.0632
    0.6090
   -3.8785
    0.9868
   -1.9015
    0.6185
    0.0975
    0.2169
    1.0507
   -0.0522
   -1.9718
   -2.4290
    4.1717
   -0.3937
   -4.8489
   -0.4187
   -0.1589
    0.1733
    1.6923
   -1.3529
   -0.7769
   -2.7866
    1.9090
    1.6542
   -4.1643
   -5.1398
    1.2090
   -1.1035
    0.6146
   -1.9459
   -1.1951
   -3.8088
    1.5247
    1.0486
   -4.2910
    2.3568
   -1.6751
   -0.5942
    2.0265
    2.0285
    3.6446
   -1.1466
   -2.2974
    1.0950
    1.5324
   -0.0958
    0.8213
   -3.7458
    0.4025
    0.0779
    1.5854
    2.3852
   -2.3996
   -2.8546
   -1.8318
    0.9320
    2.5395
    0.9568
   -0.6973
    1.6273
   -0.4659
    4.4366
   -0.5081
    0.5293
   -0.7566
   -4.5798
   -0.6719
    1.0120
   -0.3371
    0.7418
   -2.6412
    0.1028
   -1.1010
   -2.2479
    1.4183
   -0.8617
   -3.4602
    0.3334
    0.8817
    0.1951
   -0.9988
    0.8298
    2.5169
    0.8868
    4.7614
    1.7007
    1.8583
   -1.6510
    1.0890
   -3.0138
    4.5730
   -1.4736
   -0.5042
    0.9192
    1.0777
   -2.0495
   -0.7633
   -1.5713
   -0.1823
    0.4941
    1.5930
    5.5682
    4.7453
    4.5355
    2.5434
   -0.6005
   -1.9126
   -0.7306
    0.8273
   -1.4211
   -0.9946
   -0.3665
    2.4972
    1.0515
   -2.0912
   -0.5354
    2.7699
    0.2330
   -5.1400
    1.9603
   -6.5025
    0.8122
    1.4691
    1.3275
   -0.2709
    1.1714
    2.2972
    1.5526
    1.8198
    0.0769
    1.0281
   -0.6525
   -5.7135
    0.2921
    1.0029
   -1.5356
   -1.4802
   -2.5451
   -0.2845
    0.9115
    1.9957
   -1.6772
    0.9355
    1.4302
   -0.2769
    1.8785
    0.2433
    1.3226
   -0.6802
    1.0855
   -2.7003
    0.4750
   -3.4872
   -1.5349
   -2.9937
    0.8320
   -1.2063
    0.3350
   -0.2939
   -1.1313
    3.6967
    4.0557
    0.5305
   -2.9864
   -4.4307
   -1.6831
   -3.4179
    0.7999
    1.8894
    2.1747
   -0.4479
   -2.5217
   -3.0198
    2.3920
   -1.1687
    3.9676
   -1.5613
   -1.3267
   -0.1243
    3.8712
   -1.1604
    0.4484
    5.1414
    2.7858
    2.4164
    3.4541
    1.6391
   -0.9232
    0.8907
    0.1443
    0.0252
   -2.6951
   -2.2187
   -2.0094
    1.1485
   -0.1892
   -0.3123
    1.7712
    0.9886
   -1.9407
    6.2354
    4.9475
   -1.2523
    0.4456
    1.1629
    1.3524
    2.3831
   -0.5608
    0.3974
   -1.3708
    0.6063
    1.8593
    0.7079
   -0.6643
    1.2272
   -0.9804
   -0.0371
    0.5042
    3.5702
   -1.2122
    0.2208
    3.0126
   -1.3159
   -0.0433
    2.1153
    1.2359
   -0.0526
    1.5384
   -2.1335
   -0.4725
   -2.9482
   -3.2322
   -4.7826
    0.1120
   -0.5654
    0.7259
   -4.8115
   -3.0041
    1.6046
    2.0903
   -1.1443
    2.0610
    5.2180
    2.0806
    3.1469
    1.2562
    4.9199
   -1.9663
    2.6010
    0.2793
    2.4346
   -2.4679
   -0.7923
   -3.4671
   -1.5311
   -1.1119
    3.3618
    1.4096
    4.6800
    1.8229
    1.0000
    1.7801
   -2.3451
    3.2919
   -0.2455
   -0.2581
    1.4035
    1.3109
    1.8982
   -6.3226
   -3.4237
   -1.9748
    2.2122
    0.9353
    3.2869
   -4.7129
   -0.6391
   -0.8619
   -3.6217
    1.6067
    3.3345
   -1.5080
    0.7195
    0.7253
    3.4500
    5.1227
   -3.1905
    0.7607
   -1.3056
    3.2333
    4.2348
   -1.6216
   -6.6532
   -2.9523
    3.2282
   -0.4678
    0.0042
   -1.4130
   -0.3718
   -1.9185
    2.4519
    3.2010
   -1.3641
    0.0525
   -0.2127
   -0.0063
    6.2159
    0.3405
   -1.9943
    0.2324
   -2.3140
   -2.2063
    1.8864
    1.5271
   -1.1219
   -2.0293
   -0.8744
   -0.7074
    1.4807
    1.3130
    2.1188
   -3.8174
   -2.4548
    0.7170
    1.4542
   -2.2866
   -1.2490
    2.0856
    1.6433
   -0.8903
   -1.8997
   -1.0758
    3.5290
    1.7542
    1.7897
    0.0837
   -3.2235
   -3.3943
   -3.1038
   -1.3212
    3.2915
    0.4776
    0.5670
   -0.5336
   -0.3257
    1.4739
    0.3866
   -0.2413
   -1.2208
   -0.8754
    2.2005
    0.1860
   -2.1376
   -4.2089
    0.1372
    0.7752
   -4.6606
    0.2921
   -1.3767
   -0.1324
    1.4275
    0.0254
    1.1106
   -2.6604
    0.3841
   -1.2335
    3.1946
    2.2929
   -1.7594
   -3.2826
   -0.3212
   -4.6808
   -0.1775
   -1.5905
    3.6401
   -1.8444
    0.8448
   -1.4792
   -0.3579
   -0.1696
    0.7789
   -4.0799
   -2.1916
    3.1165
   -0.2520
    0.6358
   -0.7229
    0.4305
   -2.0838
    1.9779
   -2.0624
   -3.8352
   -2.1021
   -2.6536
   -2.5043
    0.6893
   -1.2866
    1.0382
   -1.4121
    1.3813
    5.1603
   -2.1819
   -1.6053
    2.6329
   -2.0911
    1.0398
    2.0579
    2.4764
   -3.8113
   -1.8347
   -2.4282
    0.5788
   -0.3583
   -0.1528
   -0.3199
   -1.4294
   -1.9167
    2.9877
   -2.7486
    0.6803
    0.4817
    1.2365
    1.6447
    1.2495
    0.9767
   -1.6551
   -0.1058
    2.1107
   -0.5457
    2.7402
   -1.6642
   -5.3002
   -1.9354
    2.5336
    4.5060
   -1.0791
    1.0248
   -2.9705
    0.1172
   -0.5972
    3.1217
    1.5985
    5.0685
    2.0901
    2.1029
    0.8985
    0.5170
   -0.0650
   -2.7608
   -2.4764
   -0.6153
    2.7117
    1.0628
   -0.2036
   -1.5426
    1.1754
    3.1934
    0.9463
    0.2089
    3.9229
    1.7811
   -0.0775
    1.7198
    1.1114
    0.1649
    0.7207
   -2.4250
    2.4004
    0.1784
   -1.1415
   -2.2391
   -1.7183
    0.1498
   -2.6353
   -1.0886
   -3.2384
    0.0692
   -0.6168
    1.6124
    1.1544
   -0.2115
    1.0939
    2.7295
   -1.0421
    2.5798
   -0.5227
   -0.8487
    0.0519
    3.2225
    1.2309
   -3.8216
    3.6943
   -1.7979
   -2.2470
    0.8457
    3.3065
   -0.2820
    1.8152
   -0.2422
   -1.8925
    0.7496
    1.4858
    2.5666
    1.3643
   -0.2711
    1.3374
    1.4792
    0.8333
   -1.0556
   -0.0374
    1.5470
   -0.7009
    1.5560
   -4.1514
    0.2229
   -1.1475
   -2.1750
    2.4392
   -1.9775
   -0.9342
    0.6560
    0.4467
    4.8202
    0.5831
    1.2072
   -2.2065
   -4.0161
    1.3489
   -0.3991
   -2.9217
   -0.7662
    0.0736
   -2.3610
    4.0147
   -0.2745
    1.0699
   -0.9721
    2.3538
   -0.4409
    1.5497
    2.9743
    3.3537
   -1.3711
   -1.4641
    2.6249
    2.1124
   -1.9435
   -3.8471
   -1.3733
    1.9374
    0.6471
    0.5167
    0.1298
   -0.7509
   -0.0746
   -2.9019
   -1.0563
    0.6178
    0.5811
   -2.3411
   -0.7539
    0.1085
   -0.5940
   -1.1724
    2.8058
   -0.1099
    1.4779
    1.9112
   -1.2235
    0.6803
   -2.8876
    0.4332
    0.9234
    0.4424
   -0.6420
    2.1423
   -0.0933
    0.4662
    0.0740
    1.9401
   -0.2326
   -4.7580
   -0.7825
    1.9226
    1.8923
   -0.9598
   -0.3300
    0.6330
    1.2545
    0.8014
    1.6887
   -2.6824
   -0.0295
   -3.9541
    1.7180
    0.3168
   -1.9977
    2.5775
   -0.8367
    2.1531
   -1.7166
    0.3058
    3.0558
    1.0271
    4.5469
    1.7302
   -0.3428
   -0.9586
    1.9394
   -4.2815
    0.3499
   -1.8210
   -1.3019
   -1.8334
   -2.0715
   -1.4836
   -4.6029
    2.2123
    0.6785
   -1.1970
   -2.0529
    0.1094
    3.1286
    0.0122
    3.7770
   -1.6434
   -2.3498
    0.2095
    0.2502
    1.1310
   -6.5426
   -3.1961
   -2.3507
   -1.1216
    0.2537
   -0.3283
   -3.1693
   -4.1123
    2.4092
    2.6317
    1.6268
    0.9104
   -0.6673
    1.1829
    4.0814
    1.5556
    4.9941
   -0.7776
    1.3991
   -5.4666
    2.7545
    6.2089
   -1.5632
    0.1576
   -2.4361
   -1.7654
   -0.4161
   -1.9573
   -2.8019
   -3.5947
   -0.3459
    1.4286
    0.5756
   -1.9865
   -2.5331
    0.1014
    2.5298
   -3.7185
    2.5898
    0.5733
   -1.7734
   -0.2811
    0.2857
   -2.7079
   -3.3891
    0.4687
    0.8393
    1.9179
    4.4933
    0.9658
   -2.0485
   -0.5236
   -1.1854
    2.2518
    3.1135
    3.1628
   -1.4017
    1.3944
    0.5744
    2.8603
    2.8956
   -1.6416
    1.2682
   -2.0502
    1.0314
   -2.3380
   -2.2502
   -1.3695
   -2.6019
    1.4918
    0.6602
   -0.5956
    1.5833
    1.1789
   -0.5025
   -0.1004
   -0.2034
   -0.0409
    1.6837
   -2.2221
   -2.0917
   -0.2539
    3.0319
    0.1695
   -4.0107
    0.5799
    0.7958
    2.5852
    1.0435
   -0.2985
   -0.0879
    1.1814
    1.8748
    1.6953
   -0.4860
   -0.8546
   -0.0431
   -2.4583
    2.4782
    1.7182
   -3.1341
    0.5232
   -0.8747
   -1.5400
   -3.7129
    0.6648
   -0.1498
   -1.4408
    1.7999
    0.1328
    2.7045
    1.1369
    2.5623
    4.4353
    7.5092
    2.5283
    0.7416
   -2.2441
   -3.6739
    2.5488
    2.3822
    0.1966
   -4.7054
   -1.3318
   -2.7310
    2.8428
    0.7386
   -2.8477
   -4.7278
   -0.5800
    0.7859
    4.3521
    1.1662
    3.6813
   -3.0026
    3.4139
    0.1463
    3.4145
    1.2217
   -0.2240
   -2.0472
   -4.1929
    0.0918
    1.5024
   -1.9631
   -3.2273
   -1.9914
    0.0484
    0.6478
    0.5308
    0.7342
   -2.0883
   -3.2909
    0.7330
    3.7997
    4.4734
   -2.0745
   -0.2802
   -0.5517
    2.2577
    4.5260
   -2.3615
   -2.2275
   -2.3378
    3.7914
    1.5773
    0.0953
   -0.5182
    3.6744
    1.0563
    1.7513
   -0.3903
    3.6064
    2.2840
    0.9964
    3.9416
    4.2502
   -4.6743
    1.6529
   -1.1311
    1.7872
   -0.8882
   -1.2840
   -1.0487
   -2.0542
   -4.1895
   -3.3252
    1.9282
    1.4152
    1.7338
    1.0433
    4.0730
    5.8047
    3.4492
    1.1041
    1.3389
   -1.9733
    0.2047
    0.4122
    0.5744
    0.1652
   -3.8043
   -3.5902
   -5.5405
   -0.4131
    0.0979
   -0.3843
   -3.5342
   -0.2685
    1.7884
    2.0970
    0.8120
    0.3516
   -0.8323
   -0.1834
    0.0622
    1.2349
    0.8431
   -1.1275
    0.2474
   -0.0682
    2.2786
    1.7178
   -4.4831
   -1.8553
    0.8517
    3.0144
    2.4654
    0.9812
   -2.8300
   -3.3047
    0.7545
    2.2182
   -1.3414
   -0.8295
   -0.8904
    4.9965
   -0.6930
   -1.5255
    2.8948
    2.3266
    0.3987
   -2.6067
   -0.8460
   -4.4231
   -3.6831
   -3.3243
    2.0075
   -0.6230
    1.6124
    3.3195
    0.6851
   -0.5989
    0.5428
    0.4570
   -0.1544
    0.6005
   -0.4508
   -2.3090
    3.4811
   -0.2364
   -0.3639
    2.0590
    0.4782
    2.7276
   -2.3594
   -4.4866
   -0.2006
   -2.4033
    0.2608
    1.6558
    2.3816
   -1.4544
    1.8778
    0.7555
    1.4228
   -0.0744
    2.9916
   -0.6133
   -1.4151
   -0.3381
   -0.4138
    0.1458
   -1.1382
   -1.9324
    0.8603
    0.2765
   -2.7220
    3.4118
   -0.2979
    2.3777
   -0.8475
   -3.3207
    2.7521
    0.1783
   -1.5422
   -1.7311
   -1.6622
    2.2370
    1.9260
   -3.1945
   -3.7132
   -1.8942
   -2.0854
   -3.3227
    0.8823
   -0.0153
   -1.1495
    1.7267
    0.2758
    1.7433
    1.5428
    0.5030
   -1.3471
   -0.0383
    1.0311
   -0.4434
   -3.5170
    0.5599
    0.6236
   -0.9399
    2.9995
   -1.1916
    0.6414
    0.5027
   -1.1201
   -0.6440
    2.2876
    0.5770
   -2.1383
   -1.2299
    3.7678
    0.8599
   -0.3154
   -0.0241
    1.5644
    0.3165
    3.0418
   -0.0263
   -1.7187
   -2.4687
   -5.1403
    1.7248
   -0.2421
   -1.0644
   -3.4783
   -1.4885
    0.5222
    6.5794
    3.5937
    1.2403
   -0.8568
   -3.8672
    5.2764
   -0.3741
    2.0394
    1.3479
   -3.1306
   -4.0181
    2.6767
   -0.1037
    0.9805
   -3.6056
   -0.9010
   -1.0193
    0.3120
    1.3518
   -0.7501
   -3.7421
   -1.0854
    5.1199
    1.3567
    0.4514
    0.3598
    3.9746
   -3.3810
    0.2537
   -2.7576
   -0.4727
   -2.2280
    0.9849
   -1.0008
    0.5309
   -1.5988
   -3.1319
   -0.7471
    4.1976
    1.5361
   -4.3344
   -2.8841
   -3.6183
    3.7323
    1.9794
    3.5031
   -0.8187
   -0.1839
   -1.1431
   -1.8150
   -2.2595
   -0.7576
   -0.4249
   -0.2208
   -2.6401
   -3.9860
   -1.0589
    1.7999
    0.5215
   -3.5256
  -0.1837
   -0.8609
    2.7621
    1.4115
    2.1428
    1.0294
    2.5595
   -0.7703
   -0.7747
   -3.2644
   -1.9812
   -1.9855
   -3.8371
    2.7291
   -4.1269
   -1.9617
    2.3377
   -0.9909
    2.7285
    0.1630
   -2.1534
   -3.0759
    2.0883
    1.0776
    0.7836
    0.3529
   -2.6004
    2.5467
    1.3483
   -2.3535
   -1.6741
   -1.3701
   -1.9914
   -4.2001
   -5.5101
   -1.1391
   -3.3927
    0.1841
    5.4371
    0.4748
    3.6723
    2.3019
   -0.5173
    1.7807
   -0.1778
   -1.5548
    0.6480
   -0.7232
    4.4436
   -1.5705
   -0.4977
    2.4259
   -0.4904
    2.9785
    3.7241
    0.7652
    3.3028
    4.0588
   -3.2921
   -0.2344
   -0.4417
   -1.3447
   -3.1757
    2.6666
    2.1293
    2.0870
    3.2548
    4.1567
   -2.1451
   -0.6821
   -0.9980
   -1.4463
   -2.2229
   -0.8523
   -1.4185
    2.6280
    0.3372
    1.5607
    4.3598
   -2.1691
    0.5830
   -1.7478
    0.8751
   -3.9993
    0.3586
   -2.1368
   -0.3805
    1.6279
    4.4038
    1.1759
    2.4206
    2.5220
   -2.6260
   -5.1080
   -2.6471
   -0.2016
   -2.3154
    1.3780
   -3.0888
   -1.5390
    2.5808
    2.5313
    0.4735
    0.8802
    2.5680
    1.4901
   -0.4281
   -2.2175
   -2.4311
   -4.0250
   -0.7252
   -4.2641
   -3.5941
    2.3870
    4.1532
    4.9544
   -0.5526
   -1.9157
    3.4816
   -2.2388
    0.7619
    2.3506
    0.8235
   -2.7889
   -0.6551
    2.1980
    0.7720
    0.4272
   -0.6518
    0.3104
    2.5137
   -0.5629
    2.2379
    0.4373
    0.3131
   -1.3787
   -1.5231
    0.2491
    1.2196
    3.4312
    4.3972
    0.6632
   -2.2465
   -2.2015
    3.0584
   -2.9325
   -4.9256
   -2.3066
   -1.4250
   -1.0178
   -4.6854
   -1.2647
    1.1820
   -2.2453
    5.0069
   -1.2291
   -0.3803
   -1.3102
    1.3187
   -0.1142
   -1.7509
   -2.4718
   -1.0986
    1.9187
    0.5540
   -0.7144
    2.9956
    0.0411
   -0.1368
    0.6463
    5.6224
    5.3551
    0.1522
    1.7173
   -0.0588
    0.0363
   -0.4786
   -2.6270
   -3.3905
   -2.3260
    0.8325
    2.5470
    0.2889
   -4.3880
   -1.3343
   -3.5473
    2.9909
    0.1398
   -1.0932
    3.0075
    1.7461
    3.4510
    1.9175
   -1.5775
   -1.9942
   -3.7499
    0.0036
    0.8917
   -3.5816
   -0.9832
   -1.7554
   -1.7529
    0.5013
    4.3903
    6.2729
    3.6508
    0.1128
   -0.9847
   -0.5589
   -2.1193
    0.8103
   -3.2839
    0.0345
   -4.7246
   -0.7673
    3.5963
   -0.2010
    0.4786
    0.0460
   -2.1300
    1.8011
   -0.2178
   -0.9701
    3.3975
   -3.6408
    2.0150
    3.4653
   -0.1593
   -1.6592
    3.3088
   -2.2716
   -0.1504
   -2.8034
    2.7710
   -0.3616
    0.8125
   -0.4312
    4.1477
    2.1136
    1.6174
    1.7804
    0.1776
    1.1811
   -0.7681
   -0.6000
    5.1299
   -2.9526
   -3.3909
    0.2868
   -1.8623
   -0.7192
   -4.1800
    2.8154
   -0.7368
    2.7705
    2.7304
    2.4046
   -0.3585
   -2.5168
   -0.2878
    0.7337
   -3.9855
   -4.8260
   -2.9478
   -1.6412
    3.6140
   -4.9957
    0.4403
    0.2058
   -0.5052
   -1.1397
   -1.9155
    2.4688
    0.7279
   -1.7502
   -1.3690
   -1.2621
    1.6076
   -0.0496
    0.3789
   -1.6379
   -2.5513
    1.4641
   -1.3261
    1.3118
    0.5232
   -1.4174
    3.3535
    1.5657
    3.0218
   -0.2177
    0.9506
    1.2959
    0.2626
   -1.0710
   -3.4120
   -0.2895
   -3.2299
   -2.8399
   -1.5836
    1.7633
    2.3282
    0.4484
    2.2108
    0.9294
   -0.6040
    0.2668
    1.8828
   -0.2095
   -1.1685
    2.0694
   -4.1972
   -2.3766
   -2.4107
   -2.9494
    2.8816
    3.5947
    0.0403
   -2.7717
    3.5362
   -1.2062
    2.2706
    2.1635
   -0.1714
   -3.7308
    0.1442
    1.1573
    3.8365
   -0.4583
   -0.2065
    1.3415
   -0.6259
    0.5168
    2.1628
   -0.5857
    1.9295
    0.8382
    0.3982
    2.3280
    0.5501
    3.4107
    0.9341
    1.6542
   -4.3032
    0.7913
   -3.5059
   -3.7460
   -1.3338
    0.9755
    1.4807
   -0.1032
    3.2649
    6.0028
    0.5186
    1.5117
   -0.7628
   -0.0907
   -1.5956
   -2.6587
    1.9640
    0.5719
   -3.5273
   -1.3915
    2.1188
    0.5103
    3.0770
   -2.5021
    1.6825
    2.0162
   -0.8879
    3.5250
    1.0806
   -4.4962
   -2.9810
    2.3591
    0.0640
    2.5379
   -0.0429
    0.9911
   -2.8840
   -1.4559
   -1.3097
    1.4174
   -1.8247
   -0.4999
   -0.3356
   -1.1387
    3.0330
    4.0455
    2.1204
    2.6911
    2.6753
   -1.8990
    2.3884
   -4.8628
   -3.5512
   -3.0705
   -1.1136
   -0.8684
   -2.0212
   -2.6513
    1.9762
    0.2445
    3.1193
    2.9361
    4.0364
   -1.2930
   -1.4342
    0.0840
   -3.4655
   -2.8778
   -1.6989
   -1.8117
    0.7914
   -1.5681
    1.3804
   -0.4611
   -1.0370
    4.1716
    0.4549
    0.0399
   -1.1469
   -0.9071
    1.9443
   -1.5554
   -1.7957
   -0.6999
   -3.0167
    0.7180
   -1.4259
    4.1138
    0.9869
   -2.9088
    3.1142
   -0.6918
   -1.6486
   -1.3504
    0.9935
    1.0871
    3.3107
    1.6983
    1.5116
   -1.8235
   -1.7387
   -1.7904
    1.7364
   -5.4495
   -3.9847
   -2.3475
   -1.3618
   -0.7346
   -1.8852
    6.5223
    3.9661
   -2.0560
    1.3093
    4.5036
    1.1417
    0.0708
   -0.1519
   -1.7792
   -3.4593
    0.3054
    3.9369
   -3.0430
    0.9695
    1.8988
    2.9051
    1.0680
    2.0340
    4.5842
    0.3788
   -2.8861
   -3.6081
   -1.7039
    1.3011
    1.4097
    1.7273
   -0.6903
   -3.3498
    1.7138
   -0.2115
   -1.8216
    0.9352
    0.5446
   -1.4990
    1.3041
    1.2715
    1.2149
   -2.7543
   -0.5030
    0.0311
    2.8870
    0.0832
   -0.4752
   -3.0363
   -4.4591
   -0.7163
   -0.2232
   -2.1923
   -1.5963
   -0.7032
    1.0192
    3.8198
    2.3688
   -1.2034
    1.0317
    2.2711
   -0.0580
   -0.1072
    0.8204
   -2.3050
   -1.5707
   -1.0936
   -0.1392
    0.1184
    0.9003
    3.2584
   -1.6416
   -0.9207
   -0.7848
   -0.6697
   -1.7633
   -3.0417
   -0.4610
   -1.0230
    0.1672
   -0.7355
    0.6864
   -1.8260
   -2.7824
   -0.6669
    1.5400
   -2.8438
   -0.8848
    1.2374
   -0.4790
    2.4685
    0.8853
    4.3349
   -2.8770
   -1.4516
    0.0634
    0.8619
    1.0603
    0.5333
    0.6336
    0.8066
    0.1170
   -0.2008
   -1.6007
    2.2926
    2.9536
   -1.4057
    1.7927
    2.2269
    1.7627
   -2.0399
   -1.5684
   -0.0710
   -0.9683
   -2.0606
   -1.4832
   -0.7278
   -3.8067
    1.0765
    3.3859
   -3.2179
    1.0438
    0.6292
    1.8761
   -1.0472
   -0.6206
    0.6619
   -0.2274
    2.2200
    2.7903
   -0.6350
    1.0624
   -1.0892
    2.1366
   -4.3041
   -2.2304
    5.1938
    0.4579
    1.2666
    1.9816
    0.2072
    0.4843
    2.0353
    2.2033
    1.0036
   -3.2137
    1.8045
   -2.0462
    0.3669
   -1.9683
   -1.9357
   -2.6643
   -4.0323
   -0.8241
    2.7032
   -2.0983
    3.5185
    2.2328
    0.5232
    2.0734
   -1.3447
   -2.4660
   -1.6631
   -0.5996
   -1.1326
   -0.4397
    2.7381
    2.1625
    4.1950
    6.0007
   -2.4352
   -0.5480
    0.5933
    3.3467
    1.7199
    3.0836
    0.9120
   -1.5837
   -0.7348
   -0.3470
   -0.9063
   -0.5137
   -0.1663
   -2.4445
    1.4608
   -0.0883
   -1.4666
   -1.4491
   -0.8314
    0.5476
    2.1293
    1.1363
    0.8240
    0.2647
    0.2053
    1.7159
    2.1184
    1.5592
   -2.8502
   -4.8456
    0.7270
   -1.4576
    1.5881
    1.4185
    3.0249
    2.1107
    0.6912
   -5.2475
    0.2478
    0.7096
   -2.6400
   -1.8079
   -2.3199
   -0.6461
   -1.6910
    3.1994
    0.9139
   -1.4136
   -0.9851
    1.8866
    1.0112
    2.3307
    2.0646
   -1.3401
    0.9290
    1.1077
   -2.5070
   -0.2728
   -0.1866
   -5.8173
   -0.9905
    1.9815
   -3.5583
   -0.4341
   -1.2476
   -1.9353
   -4.1241
   -0.2937
    0.8780
    2.2947
    0.0214
    2.8717
    2.5304
    1.0495
    2.9714
    1.9330
   -0.4627
   -5.6277
    1.7329
   -0.0317
   -0.4822
   -2.4905
   -1.7606
    2.0589
    3.7391
    1.7811
    3.8694
    4.9388
    3.5410
    2.5320
   -3.1165
    2.1093
   -2.6306
   -1.3002
   -2.2300
   -1.4023
   -4.1128
   -2.0319
    0.1945
    2.2933
    3.2939
   -0.8488
    0.9672
    2.4774
   -0.1028
    1.2940
   -2.1684
   -1.2181
    2.3387
   -3.7830
   -0.6434
    0.2211
   -4.0668
    1.6280
   -0.1930
    0.9204
   -1.3993
    1.1257
   -0.3393
   -1.9153
   -1.0455
    2.9869
    2.8292
    1.7532
    1.1966
    0.2707
   -1.3820
    1.8870
   -0.1712
   -4.6571
   -5.0537
    0.3334
   -0.7293
   -0.7350
    1.9090
   -2.2310
    1.4705
    3.1510
   -2.6192
    1.1537
   -0.1814
   -3.3304
   -3.7865
    2.0557
   -3.6575
    0.1280
    0.7180
    2.9296
   -1.3629
   -0.9274
   -3.0418
   -1.7060
   -0.3557
    1.1297
    1.1826
   -1.2466
   -1.2483
   -2.8507
    1.5932
    1.5207
    0.6388
    2.2555
    0.2499
    3.8041
    0.0852
    2.2068
    1.5592
    5.0635
   -5.5111
   -1.8901
    3.8988
    4.6324
    1.0392
   -5.1736
    0.4890
    3.4275
   -0.5276
    2.4453
    0.8214
   -3.6767
   -5.0588
    0.3620
    1.3541
   -0.7120
   -2.9350
    2.5100
    3.3064
    1.3157
    0.3652
   -1.5576
    6.1525
    2.5733
   -1.0398
   -1.5698
   -4.1838
   -2.2485
   -2.6926
   -2.8243
    1.8862
    2.0981
    0.3040
   -0.1992
   -0.1958
   -0.9386
    0.5152
    1.7623
   -0.4816
    0.3055
   -0.5026
    0.3274
   -0.0212
    3.1338
   -0.6231
   -0.4840
   -0.5599
   -1.9827
   -3.3168
   -4.6620
   -2.6613
    0.5597
    1.5388
    0.1354
    1.2710
    6.8535
    2.8933
   -2.4518
    3.2519
    3.4288
   -3.7977
   -1.8986
   -2.6721
   -5.4335
   -1.9283
    0.6222
   -0.2097
    0.6642
    2.3387
    2.2540
   -0.4522
    2.3915
    2.7770
    0.6973
   -1.6072
   -0.8568
   -4.2601
    2.5523
   -1.8680
   -0.2521
   -2.2543
    3.3161
    2.0587
   -0.6688
    5.5050
   -1.6204
    3.7494
    0.4682
    2.2637
    1.5998
   -0.8408
    1.0668
    0.7942
   -1.7567
   -3.0629
    0.3934
   -2.2508
    0.3219
   -1.8365
   -1.2115
    0.4038
    2.1224
   -2.5722
    0.0473
    2.1703
    5.0207
    3.6457
    1.0255
    0.2750
   -1.0273
   -0.0163
   -2.0229
   -3.9096
   -2.6126
   -1.0429
   -5.3596
   -1.8749
    0.5071
    2.2294
   -0.7231
   -1.3796
    4.0552
   -1.1077
   -4.5638
    1.8720
   -1.4068
   -0.6085
   -1.0520
   -0.8123
    0.8330
   -1.3664
    2.8532
   -0.1772
   -1.4536
    0.9663
    0.0276
    2.4163
   -2.7623
   -1.4712
    1.0133
    1.0631
    1.0730
   -1.0033
   -0.9852
    1.8687
    1.8885
    2.7903
    0.4914
   -3.1975
   -1.3651
    0.0262
    1.9892
   -0.3991
    1.7339
    0.0347
    1.5026
    0.4082
    1.3097
   -3.2616
   -2.2361
   -0.4904
   -1.6622
   -3.5346
   -1.0697
   -0.4223
    0.4424
    1.4218
    3.3436
    1.4084
    1.3784
   -0.6209
    2.1641
   -2.4927
   -3.2767
    2.0509
   -1.5989
   -1.4805
   -2.7369
   -0.6057
    0.7098
    3.1214
    1.9635
    1.1612
    0.8375
    3.0118
    1.3525
    1.1638
   -1.0772
   -1.6835
   -0.8939
   -0.0863
   -6.1003
    2.1093
    3.9128
   -0.6530
    0.9088
   -1.0277
    0.9686
    1.1366
    0.2173
    0.4538
    3.0627
   -1.7808
    0.4513
    2.1139
    4.9217
    2.0336
    2.8021
    3.0066
   -1.2688
   -3.7715
   -1.9667
    2.2179
    0.2827
    0.3773
    3.3287
    4.0406
    3.5777
    1.7406
    4.7311
    1.8718
    0.0358
   -7.4841
   -2.0435
   -1.9456
   -6.7810
   -1.1973
   -2.6544
    0.5245
    3.0590
    1.8036
    0.3471
   -2.5817
   -1.6883
   -1.5510
    3.7363
   -1.5624
   -0.3741
   -0.6350
    1.6715
    0.6450
   -2.8715
    2.7886
   -3.2945
    2.0296
   -0.9949
   -1.3565
   -1.7732
    2.3184
    1.6257
   -1.3849
   -0.2786
   -2.3542
    0.2042
    3.2265
    2.1389
   -0.3726
    1.6614
   -3.0731
   -0.2763
   -2.0995
   -5.2649
   -4.1747
   -0.8067
   -1.6192
    0.7104
    2.5206
    3.2826
    2.9955
    2.0363
    3.6504
   -1.6016
   -2.7433
    1.3594
   -0.6355
   -3.6962
   -1.6387
    1.3507
   -2.1284
    0.4941
   -2.2384
    0.7370
   -0.2480
   -0.7510
   -0.4893
   -0.2436
   -1.8997
   -0.6773
   -1.3476
   -1.8205
   -4.8039
    1.6549
   -2.8853
   -1.5986
    0.6856
   -1.3423
   -0.2266
   -2.4697
   -2.2892
   -4.0542
    1.0798
    2.7786
   -1.7782
    1.8425
    1.1509
    3.6513
    3.7891
   -0.9486
    1.5979
   -2.5555
    0.3173
   -3.2887
   -1.5261
   -3.9841
   -3.9867
   -4.8559
   -1.4818
    1.9047
    2.0951
    4.7384
    2.3792
    2.9712
    0.8409
   -3.8346
   -1.3745
   -4.6254
   -3.7635
    0.4015
    0.2798
    1.6984
    0.4050
   -0.3451
    1.7032
    1.5655
   -2.6934
    0.2036
    1.5686
    2.9773
    2.3756
    3.8767
    0.4472
   -2.5170
    0.5228
   -2.4639
   -3.1122
   -0.4337
   -0.6802
   -1.0489
    0.2418
    0.3649
   -0.0976
   -2.3000
    4.0245
    3.1089
   -0.7703
    6.7847
    5.9821
    0.7580
   -1.2894
   -2.8619
   -4.2968
   -2.0768
   -3.4242
   -3.2779
   -1.7869
   -0.7535
   -2.4136
   -0.1578
    6.0572
    5.6235
    1.3879
   -4.1245
   -4.2609
    0.4053
   -2.9358
   -2.1608
    1.6783
    0.0870
    0.6128
   -1.6991
    2.4772
    1.1858
    2.0381
   -0.2040
    1.7962
    2.1888
   -0.2238
    1.2441
   -1.8796
    2.2068
    0.1404
   -0.9196
   -1.8123
    0.6233
    0.0056
    0.5614
   -1.5601
   -0.1214
    1.5945
    1.4603
   -3.0095
    1.1741
    3.1591
   -0.4495
    1.5365
    2.0377
   -0.2536
    0.2912
    1.1169
   -1.1900
   -2.1011
   -5.9310
   -2.3129
   -1.3694
   -0.4467
    0.7262
    0.7651
    1.3573
    0.0900
   -2.4848
   -2.7339
    1.1168
   -1.8340
   -0.1432
   -3.3728
    0.8130
   -1.7836
   -3.3341
   -3.5190
   -1.0540
   -1.3443
    1.8613
    1.9332
   -0.9629
    4.5259
   -3.4621
   -0.9692
   -3.2814
    5.2504
   -4.0107
   -2.4106
   -1.8665
    1.1518
    1.3992
    4.1559
   -0.0114
    0.9027
   -2.0812
   -2.0490
   -4.1580
    0.7129
    1.7117
   -2.1679
    1.7830
    1.8369
   -1.9307
    1.6518
    1.6034
   -3.4496
   -0.1005
   -2.5869
   -3.7508
   -0.1630
   -2.2968
   -2.9549
   -2.0664
    5.5807
   -1.2501
    7.1400
    2.8979
   -0.4298
    2.2329
    1.7585
   -2.6375
    0.0563
   -1.5674
   -0.7160
   -0.8500
   -1.9735
   -3.6961
    1.0760
    0.9928
   -0.8590
    0.7477
   -0.1699
   -1.1041
    2.2345
   -0.0116
    0.4550
    0.5194
    3.2043
    0.7538
    2.9927
    3.7407
   -0.1533
    2.6934
    0.5656
   -0.4155
   -2.8072
    2.8880
    1.2318
    0.7944
    3.1698
    2.5615
   -0.1056
    2.7195
    1.9191
    1.6161
    0.7239
   -2.0627
    0.6842
    0.4943
   -4.6950
   -1.1481
    0.6426
    3.3604
    2.3101
   -2.6460
    3.9137
    2.6104
    4.1396
    0.8265
   -0.6066
   -2.6398
   -2.5418
   -4.1335
   -4.2473
   -2.7638
   -0.9248
   -1.3956
    1.7652
    2.8650
   -0.5425
   -1.7043
   -1.3586
    0.1554
    2.8324
   -0.3603
   -1.2007
    1.0053
   -2.7544
    3.4285
    0.5048
    1.6392
   -0.6043
    6.9033
   -2.7275
    0.0223
   -6.8301
    3.1697
   -3.4584
   -0.4572
   -0.4877
    1.9403
   -0.0897
    2.2645
    0.2671
   -0.7789
   -3.6000
   -1.3382
    2.4881
   -0.0562
   -1.7158
   -1.3474
   -0.0680
    0.7562
   -3.0128
   -0.1513
    8.8757
    0.6513
    2.8917
   -1.7192
    0.4417
    1.7068
   -2.2792
   -3.3442
   -0.9144
   -3.1068
   -3.1396
   -0.9160
   -0.9277
    2.2500
   -0.8613
    3.6903
   -3.0180
    0.3813
    2.0841
   -0.6755
   -1.3991
   -3.1214
   -1.1705
    4.2568
   -1.1429
    1.0033
   -1.5983
    2.3594
   -1.4352
   -1.0369
    0.3050
   -1.5024
   -3.1500
    1.8380
   -0.6758
    2.3313
    4.8874
    1.6327
    2.0113
    1.5207
   -0.9119
   -1.9684
   -4.2540
   -2.0699
   -2.4517
   -0.5987
   -1.9844
    0.2309
   -3.5200
    0.9719
    1.7730
    0.7077
    2.2563
   -1.8707
   -2.0467
   -2.7805
   -2.5913
    0.7606
   -0.6407
    1.1312
   -4.1941
    0.0781
    3.9686
    1.6574
    2.9212
   -2.3798
    1.4647
    2.8797
    2.3558
    0.0487
   -0.6184
    0.9380
    0.2767
    3.5868
    0.3874
   -1.9694
   -0.8707
   -0.8093
    0.8175
   -0.7612
   -0.0182
    4.4455
    1.8785
    1.7178
    3.5309
    4.4170
    2.8521
   -0.0276
   -0.1620
    1.4893
    1.5698
   -1.8372
   -2.1315
   -1.4146
   -2.3799
   -3.0440
   -0.8595
   -3.9796
    5.2010
    0.6276
    3.9992
   -0.4123
    0.9925
    2.4950
   -1.8558
   -0.9427
   -1.2403
   -0.9677
   -1.9919
   -1.9709
   -1.7306
   -0.4382
   -0.7453
   -3.1097
    2.9259
    1.7751
    3.2136
   -0.0839
    0.9936
   -2.3672
   -1.8529
   -0.8495
    1.7350
   -1.1221
   -0.2555
    1.5219
    2.0378
   -0.1059
   -1.0338
   -1.0036
   -1.9295
   -2.7381
    1.2383
   -5.6832
    0.8527
    2.8070
    0.8885
   -0.4256
    0.6185
    1.3118
    2.4809
   -1.2026
   -0.7799
    1.2665
   -2.1193
   -3.3319
   -2.1093
    2.0136
   -1.4090
    2.8310
   -1.3760
    3.4847
    1.5418
    0.2810
   -1.9152
   -0.5850
   -4.0688
   -1.1555
   -3.1298
   -4.5207
    1.0902
    2.4822
   -2.3500
    1.4690
    0.1552
   -2.3860
   -1.9660
    1.7506
    4.6105
   -1.5923
   -1.9899
    0.7055
    5.5902
    0.0508
   -2.4549
    1.1159
   -5.4530
    1.1979
   -4.5988
   -1.8433
   -1.9656
   -0.8643
    2.2681
    3.1105
   -2.0228
   -1.4185
    0.8585
   -1.5183
    1.3215
   -3.5911
   -0.9825
   -0.1863
   -4.9152
   -1.4453
   -1.6083
   -3.4415
   -2.6265
    0.5006
   -0.4695
    1.9620
    0.8451
    0.3077
   -1.0685
    4.4484
    0.2243
    0.8653
   -2.3150
   -0.1254
   -0.8415
   -0.1135
   -2.2678
    1.9020
    0.1447
   -0.3842
   -1.2169
    1.9054
    0.3049
   -1.6810
    1.0283
    1.3105
   -2.7557
    2.0162
   -1.8701
    0.0084
    1.1816
   -0.1855
   -2.8646
    1.2343
    0.7651
    0.5097
   -2.5854
   -0.4057
   -1.5624
   -0.5107
    0.3530
    5.0516
    2.0750
    3.5349
    3.1412
    2.1708
    0.2132
   -3.8503
   -1.9524
   -0.3720
   -2.5580
   -2.2601
   -4.7386
    2.1660
    2.4528
    1.2728
   -0.3933
    3.4610
    0.0103
    3.6575
    1.8097
   -4.1563
   -5.1833
    5.8269
   -2.2011
   -0.4600
    0.0478
   -1.2159
    0.0150
    3.8833
    2.1393
    2.2489
    2.5008
    2.7815
   -0.7131
   -1.4330
   -0.8111
   -1.0614
   -0.4641
    1.4615
   -1.0844
   -2.1614
    0.4942
    0.8709
    2.7826
    4.7073
    0.3658
   -2.1280
   -1.1163
    3.9781
    2.2277
    0.3408
    3.5047
    3.9974
    3.5447
    0.2074
   -1.2718
   -1.9536
   -0.1757
   -2.0023
   -3.2585
    2.9778
   -0.4693
    0.3543
    4.4293
    8.3086
    3.9474
    0.6643
   -0.1432
    2.9636
   -1.5996
   -0.9146
    0.6036
   -4.2704
   -3.7601
    0.3954
   -4.1149
    0.7072
    0.8111
    1.9718
   -0.6625
    0.3449
    0.9066
    4.7203
    0.6061
    1.1968
   -0.2969
    2.3621
    0.3143
   -1.7671
   -0.4781
    0.6359
   -0.4306
    0.6708
   -0.3008
    0.5646
   -1.3514
    0.0696
    1.5747
    0.7162
   -2.0160
    1.0565
    1.8124
    1.7432
    2.8161
   -1.0860
    1.0273
   -1.9496
   -2.2482
   -0.5873
   -3.2698
   -3.0958
    0.1398
   -1.0584
   -2.8374
   -1.3639
    4.1693
    3.6556
    2.9942
    2.6119
    0.5742
   -4.9059
   -3.7834
   -2.6395
    0.3926
    1.8969
   -2.0993
    0.2537
   -0.7097
    1.2035
    0.6322
   -5.4566
   -0.5087
    2.9214
    0.4091
    2.0863
   -0.2619
    3.6497
    0.5614
   -2.5082
   -2.0823
    2.6374
   -1.1211
   -0.0196
    0.9609
   -2.0961
    3.0252
   -1.2865
    0.4379
    1.8886
    0.9173
    2.4092
    1.8569
    4.2089
    2.8555
   -1.4827
    2.9653
   -0.6290
   -3.6881
   -1.1072
   -1.1045
   -2.9549
   -3.4537
   -0.3911
   -1.7407
    4.6456
   -0.1034
    0.7369
   -1.0030
   -1.1555
    2.7217
   -2.0270
    0.4360
    2.0459
   -0.3593
   -2.3627
   -0.9473
   -2.0999
    4.7759
   -0.2143
    1.5611
   -3.9139
    1.1459
    0.3466
   -0.5439
    0.5572
    0.2056
   -1.6311
   -1.4451
    0.1468
   -1.3106
   -0.8501
   -1.0810
   -1.5044
   -4.2195
   -3.5791
   -2.1755
    1.9451
    0.2810
    0.2465
    3.7055
    1.8993
    2.6124
    0.3792
    2.5077
   -1.3236
    0.9805
   -3.1564
    0.5357
   -4.2596
   -4.1229
   -2.4493
   -0.2152
    1.0213
   -0.8447
    3.2747
    2.3238
    5.6829
   -1.0899
   -1.0313
   -2.0243
   -0.5258
    0.7422
    3.2565
   -1.0499
   -1.0775
   -2.7790
    0.2801
   -0.4250
    1.3526
    1.7060
    3.7646
    0.1892
   -0.1160
   -2.0920
   -1.4369
   -0.3778
    1.9908
    0.9439
    4.1715
    2.1651
   -1.0114
    1.5121
    1.2682
   -1.7075
   -1.0275
   -1.5600
   -1.4196
   -3.8805
   -2.5328
   -1.7019
   -0.7474
    2.4096
    3.6300
   -1.1176
   -1.5999
   -2.7034
   -4.2812
   -2.9419
   -1.1299
   -1.3454
   -0.2920
   -2.5042
   -3.0404
    1.5598
    2.0255
    2.1552
   -0.2304
   -1.8296
    3.4649
   -1.4110
   -2.9949
   -0.4984
   -0.7608
   -2.1209
   -1.2297
   -2.0334
   -3.7075
   -0.2078
    2.4553
   -0.2029
   -0.7674
    2.4514
   -1.4144
   -1.8247
   -1.5160
   -3.6621
   -0.7601
    4.5515
    0.0985
    1.4504
    0.5200
    3.8079
    2.3633
   -1.1957
   -1.5236
    0.0648
   -1.6406
   -1.2742
    1.8452
   -1.6540
    3.0909
    0.0578
   -0.3946
   -0.9280
   -1.7870
    0.8723
   -1.2903
    0.1665
   -1.9359
   -4.3581
   -2.1312
    1.9019
   -0.3286
   -0.3563
    2.8968
    3.0635
    5.2250
    0.9981
    0.7893
   -0.9529
   -4.4614
    1.0429
    1.9545
   -0.2527
   -1.2612
   -2.6854
   -1.3266
    0.7620
   -0.0660
   -0.2716
    0.7904
    3.9930
    2.5918
    3.5557
    0.0824
   -0.2729
    3.2796
    1.6255
   -1.9411
    3.1947
    0.0161
    0.4569
    1.9432
   -5.7037
   -2.0146
   -4.7239
   -0.1384
   -1.6641
   -1.6133
   -0.5871
   -0.2765
   -0.3219
    4.2911
    5.5511
    0.6011
    1.3465
   -1.1984
    1.6730
    1.1387
   -3.8800
    1.3678
   -0.0132
    2.0121
    3.1501
    2.1332
    2.8632
    1.7590
    2.5579
   -0.6782
   -2.1430
   -0.8189
   -2.3719
   -1.6202
   -0.7829
    0.0068
   -3.2188
    0.0829
   -0.0698
   -1.4477
    1.3903
    2.4289
    3.1622
    4.0872
   -0.1691
    1.3987
    0.5728
    1.6787
    0.6440
    1.6131
    1.8989
    1.7084
    2.0158
    0.7085
    0.2915
    0.3995
    1.1213
   -0.5782
   -1.1317
   -2.8147
   -1.3684
    1.6725
    4.6337
    4.1093
    2.4206
   -0.4548
    2.6593
   -5.7194
   -0.8962
   -0.9253
   -1.8339
   -1.3135
   -0.0565
   1.2988
    0.3293
    1.9862
    3.9442
    1.5726
   -0.0172
    3.9425
    1.8651
    2.3266
   -1.7255
   -2.5687
    0.3046
   -1.5277
   -1.5752
   -1.4456
    4.4422
    0.5592
   -1.6490
   -0.8323
   -2.3075
    0.7667
    3.2581
    3.4809
   -2.0631
    0.6686
    1.7339
    2.2031
    2.1790
   -3.4030
   -2.2927
   -0.0298
   -1.7628
    1.6572
   -0.8374
   -2.5726
   -0.7099
   -1.4831
   -0.4948
   -0.8990
   -0.1115
    1.6598
    1.1284
   -0.6580
   -0.4249
   -0.9839
    0.6975
    0.5418
   -1.6575
   -1.0009
   -1.0878
   -3.0837
    1.7689
    2.0718
    0.6458
   -1.8532
    5.7062
   -1.0457
    2.0348
   -1.0162
   -0.2065
   -3.7062
    3.6837
    4.2249
   -0.8027
    0.0363
   -0.9815
    2.3544
    1.2548
   -2.9835
   -2.9247
    2.9749
    1.8296
    1.6097
   -1.2815
    1.6399
    4.5851
   -3.8970
    2.7676
   -0.1462
    0.4546
    2.2169
    2.0771
    4.3154
   -0.7049
   -2.8306
    0.9223
   -2.7574
   -2.4856
   -3.4916
   -2.6102
    1.2146
   -1.9910
   -2.1730
    0.2551
    0.0525
   -2.9899
    2.1744
    1.2142
   -0.9283
   -4.1642
   -2.6656
   -1.5461
    2.7533
   -1.0076
    0.8419
   -0.2502
    0.5528
   -0.1434
   -1.9428
    1.3660
    0.0102
    3.3050
   -0.5339
   -0.5263
   -1.4744
   -3.2482
   -0.5703
   -1.9917
   -0.0440
   -1.2578
   -2.6927
    0.0260
    0.7407
   -3.1158
   -0.7355
   -0.2577
    1.2141
    0.3813
   -0.6452
   -3.2643
    3.2005
   -0.1689
    2.9860
   -3.9332
   -1.8773
   -3.4470
    4.7118
    2.1577
   -3.8626
   -3.4685
   -2.0155
    2.1609
   -0.5023
   -0.0688
   -1.1243
   -0.3770
    0.3895
    0.3750
   -1.0885
   -0.9795
    1.7047
    4.0795
    1.9581
   -1.9856
   -1.0029
    1.9183
    2.7901
    3.4749
    0.1262
   -0.3153
    1.0444
    3.7995
    2.6547
    0.7386
   -2.5598
   -3.1318
   -1.5481
   -0.9955
   -0.9790
   -1.4389
   -1.2487
    1.4527
   -0.8716
   -3.1834
    2.3131
   -2.6108
    5.2936
    0.3942
    1.1634
   -1.1673
   -1.7912
    2.2154
    1.9179
   -0.1193
    1.1451
    0.8457
   -0.8441
    1.3995
   -0.9909
   -0.3742
   -1.1299
    0.9321
   -1.1905
   -1.8060
   -4.4557
    0.2690
    2.7703
   -0.7446
   -2.2731
   -3.1973
   -1.5288
   -2.2442
    0.8767
   -3.3378
    2.5555
    2.5337
   -0.1145
    4.7632
   -1.4269
   -1.2202
    0.7237
    1.1507
   -0.9666
   -1.5335
   -1.0938
   -0.8119
    1.9953
   -2.2629
    0.4977
   -0.1999
    1.5424
   -1.3272
   -3.3803
   -3.2751
    0.7126
   -0.3204
    3.0396
   -0.6814
   -0.7877
    0.4171
    2.6557
    6.0998
    0.1478
   -0.0876
    1.8338
   -0.7484
    4.1248
   -0.1510
   -3.4399
    2.0123
    0.5897
    2.1996
   -1.1765
   -0.8629
   -4.7583
   -1.7364
   -3.0393
   -2.7767
   -0.1348
    0.0483
    2.1738
    2.0743
    4.3010
    4.1716
   -0.1375
    1.0358
    5.0118
    2.4619
    0.1792
    0.4165
   -4.3356
    5.1947
    2.3605
   -2.3329
   -0.4505
   -0.3536
    3.3119
    0.7335
    1.4671
   -3.2653
   -2.1149
    0.5766
   -0.2943
   -1.3400
   -4.9728
   -2.9780
    1.4964
    2.9774
    4.6831
   -0.3971
    1.0950
    3.3771
    4.0593
    1.3093
    0.9355
   -3.2921
    6.1883
    1.4070
   -2.6642
   -0.3883
   -0.7876
   -0.3805
    0.5101
   -0.9767
    0.3621
   -2.9078
   -2.2075
   -0.2065
    1.2079
    0.3446
    0.1448
    4.9920
   -1.1534
    0.1985
   -1.3720
   -1.2641
    1.4545
    1.6906
    4.3699
   -0.8450
    1.9397
   -0.2933
    0.7230
    1.0434
   -3.1233
   -0.5536
   -0.5563
   -1.0221
   -0.9529
   -1.2910
   -2.5274
   -1.8401
   -0.1398
   -0.3931
   -1.1674
   -1.4610
    1.5092
    5.3118
   -0.1349
    2.4704
    3.3752
   -1.3363
    0.7876
    3.2626
   -1.4123
    2.2905
    0.0341
    2.5206
   -1.2400
   -1.3787
    6.3278
   -2.3757
    1.7002
    0.8430
   -3.1215
   -5.7563
    2.8975
    0.0986
   -3.2818
   -0.9992
   -3.3491
    2.7920
    1.6662
    1.0452
    2.2666
   -3.5736
   -0.4274
    3.4022
    2.4369
   -0.4391
    1.3145
    2.2801
    2.4594
    0.5158
   -1.4903
   -1.2644
   -0.4712
   -3.0043
   -5.0422
   -0.6602
    1.9942
   -1.5277
   -3.5166
   -2.1443
   -1.1964
   -2.0368
    1.4834
    1.9091
    0.0578
    1.7447
    1.5731
    5.3774
    0.9168
   -4.0006
   -2.4940
    1.6349
    1.8417
    1.4409
   -1.0874
    2.8720
    1.4369
    0.0575
    1.7717
   -3.2404
   -2.6662
   -2.4843
    1.0159
    4.0670
   -0.4010
   -2.1470
    0.6336
    0.7345
   -2.9130
   -1.8256
   -0.0556
    5.3476
    0.3478
    1.1542
   -1.3886
   -1.4472
   -1.7347
    4.0366
    1.1482
   -3.5517
   -0.0365
    0.1681
   -0.7460
   -1.7180
   -3.7944
   -0.1841
   -0.3987
   -0.3312
    2.1468
   -5.9793
    0.2510
   -0.9747
    1.2213
    1.2778
    0.3112
   -0.3979
   -0.6938
    4.0326
    0.1877
    2.4834
   -0.0459
    3.8467
   -0.2188
   -3.7480
   -3.6039
   -2.9260
    0.5359
   -0.9096
   -4.0250
   -2.2357
   -5.5136
   -1.8775
   -3.2040
   -0.0774
   -2.6377
   -1.9464
   -1.5201
    3.6099
    1.7868
    3.2985
   -3.7655
    0.4117
    2.1866
    4.0514
    1.8264
   -3.1314
    2.8062
    2.2385
    1.2589
   -3.1346
   -3.2722
   -0.6258
    0.9691
    2.5080
   -0.1926
   -2.0658
   -0.4206
   -0.5156
   -1.3877
   -1.5679
   -2.4404
    1.9778
    1.2882
    3.3835
   -4.4908
    0.7932
   -0.2663
    2.4715
   -0.0448
   -1.0158
    0.2652
    5.0665
    0.3219
    1.8199
   -1.4039
   -1.5155
   -4.7003
   -3.1714
    1.2894
   -3.8273
    0.1394
    0.3383
    2.0793
   -0.1007
    2.6073
   -0.7022
    3.3503
    0.5469
   -0.8160
   -0.5840
    1.2101
   -0.2044
    1.8115
    0.2414
    1.0855
   -0.4951
   -1.0148
    1.4552
    1.6667
   -1.3874
   -0.8624
   -0.8221
    2.0950
    0.4556
   -0.4523
   -0.0128
   -1.1628
   -3.2742
   -2.5988
   -2.8495
   -0.5090
    1.5854
    1.6005
    0.6093
   -0.9789
    3.5072
   -0.7886
    1.9955
    1.3154
    2.0551
   -0.6161
    1.4987
   -0.8519
   -2.7157
    0.5411
   -2.0094
   -0.1014
   -0.4515
   -1.5243
    0.6760
    0.1778
    2.3723
    1.5994
   -0.3610
    0.0894
   -2.8722
   -0.2959
    0.4834
   -1.5128
    4.5572
   -0.6035
   -0.7988
    1.6963
    0.1722
    1.5366
    0.6330
   -1.5305
    0.0009
    3.2707
    2.4283
    0.0505
   -0.5531
    4.5565
   -1.5105
   -2.6159
   -1.8061
    1.4726
   -2.1112
    0.9833
   -1.6612
   -2.5183
    2.2141
    1.1979
   -0.5963
    1.0994
    1.4524
    1.7018
   -1.7632
   -1.2405
   -0.5605
   -0.6787
   -0.9312
    3.0986
   -4.4143
    1.2214
   -1.0689
    0.7583
   -0.3539
   -2.5615
   -1.9757
   -2.6574
    3.2132
    0.3571
    1.3925
   -0.4950
    1.5327
    0.0959
    0.2532
    0.2747
   -3.5378
    0.7143
    1.9047
   -1.5108
    5.2560
    1.9498
    2.3720
    0.8285
    2.8657
   -2.5587
   -0.6314
   -2.7705
   -2.3551
   -3.1634
   -2.6144
   -4.5009
   -6.8503
   -0.6366
   -0.9712
   -2.2417
    1.0345
    2.3094
   -3.8848
    3.7507
    0.1151
    0.7218
    0.8238
   -0.2767
    2.7001
    4.5058
    0.8727
    0.4250
   -0.5359
    0.2879
    5.3635
   -1.2164
   -1.4432
   -1.8575
    2.2781
   -2.7528
   -0.7352
   -0.9192
   -3.4875
    1.2369
    0.1882
   -2.3755
    3.0108
   -1.0697
    0.2527
   -1.4296
   -3.0093
   -1.8954
    1.9105
    1.8480
   -0.4926
   -0.8285
    1.3503
    1.5476
    1.3460
   -0.2559
   -2.4757
   -2.6072
   -3.6259
    0.2603
    1.0303
   -2.8416
   -0.6223
    2.4087
    2.5104
   -0.0736
   -4.3249
   -0.2217
   -0.8470
    4.6849
    2.6428
    0.1291
   -0.5927
    4.7752
   -0.0971
   -1.3974
   -1.6204
   -2.1173
   -3.2579
    3.1839
    0.4838
   -1.9622
   -3.2800
   -1.3907
   -0.6462
   -3.8807
   -2.5572
   -4.2066
    2.4480
   -2.2551
    1.2680
    2.4787
   -3.6793
    1.9062
    1.3363
    3.1843
    0.9312
   -3.4142
    1.3063
   -1.3889
    4.9400
    3.3850
   -0.7515
    2.0059
    0.2519
   -3.3618
   -2.6267
    0.7792
   -3.1992
   -0.8130
   -4.1058
   -6.8787
   -5.8878
    0.4644
    1.2710
    1.2008
   -3.2632
   -2.6556
    3.5933
   -0.8478
    1.1081
    0.0365
    3.7390
    0.0256
    2.7027
    2.9681
    2.9249
    0.5320
   -3.0553
   -0.1372
    0.2394
    3.1596
   -1.9500
    0.2547
   -2.2657
    0.9302
    0.1877
   -2.8703
   -0.7578
    1.1324
   -2.1728
   -2.6635
   -2.3851
   -3.9949
   -2.6087
    2.7864
    0.7236
    0.5220
   -0.4037
    6.3141
    0.0030
    2.4915
   -0.3630
    3.1676
    0.0034
   -3.6916
   -1.0729
   -0.0244
    0.6088
   -2.2459
   -0.9067
    1.2404
   -0.0236
   -5.0967
    0.2753
    1.5840
   -3.3633
    3.2936
    1.2578
   -0.0748
    0.4565
   -0.2533
   -0.4486
    4.4130
    0.6664
    1.9010
    1.2465
   -2.2947
    1.0288
    0.3275
    1.3038
    0.0023
   -4.4141
   -3.0113
    4.5475
    0.9364
   -1.1890
   -3.8941
   -2.0612
    2.1788
   -0.8795
    0.3242
   -1.6186
   -0.8871
    3.0451
   -1.0356
   -1.3843
    2.6047
   -1.8899
   -0.9530
   -0.3702
   -2.4089
    1.2198
    1.4164
    1.8965
    1.4287
    0.4693
   -4.5914
   -1.5413
    2.8446
   -0.1240
   -1.9723
   -0.2884
   -2.4861
    3.5196
    2.6452
   -1.2451
    1.8826
    1.2138
    0.6176
    2.3496
   -1.7378
    0.8731
    4.4974
    1.5713
    1.0384
   -0.5807
    1.1922
   -2.5131
    1.5403
    0.2504
   -0.0799
   -1.1168
   -2.9114
   -2.2421
   -1.3337
   -0.8919
   -0.6499
    0.1254
    1.5954
    2.0306
    2.9144
   -2.5711
    1.8236
    4.2298
    2.5165
    1.0156
    0.1841
    3.6147
    3.6849
   -1.9946
    0.3726
    0.0087
   -0.5028
    3.0470
    1.0886
   -2.6746
   -3.1031
   -0.6253
   -1.7483
   -0.3564
   -2.5802
   -1.6044
   -2.1280
    0.3378
   -2.2801
    1.8915
    0.3253
    3.2863
    2.3693
    1.6848
   -0.5942
   -0.6314
    2.5537
    1.7863
    2.4873
    0.1899
    2.9721
    0.4978
   -0.5442
   -3.5958
    0.7850
   -1.8620
    0.6395
   -4.0559
   -5.9534
   -0.5780
   -4.4453
   -0.0656
   -3.4031
   -0.8245
   -0.1602
   -3.8307
    4.7998
   -0.4161
    5.7779
   -6.4521
    3.6668
    1.5288
    1.8960
    3.9322
    3.0954
   -1.1587
   -1.3008
   -0.3674
    1.0790
   -2.9286
   -2.6402
    1.0402
   -2.3246
   -2.0690
   -4.8455
   -2.6029
   -1.3650
    0.6733
   -0.6409
    0.8275
    0.6850
   -2.0707
    1.8892
   -2.0253
   -0.1849
   -0.3125
    0.4835
    2.5197
    0.9751
    1.8855
   -0.2856
   -1.0178
    1.0848
    1.1966
    0.8317
   -2.4256
   -3.5246
    2.9568
   -3.6896
    0.1124
   -4.0090
    0.1836
   -2.9432
   -0.0675
   -3.3915
   -1.8540
    0.1421
    0.9218
   -0.0579
    2.2758
    0.0877
    1.3618
    2.9051
   -2.1047
    0.7543
   -0.0610
    2.5130
    2.2244
   -1.7883
   -0.9693
   -2.1603
    0.5719
   -0.5545
   -0.5013
   -2.9488
   -1.8268
   -0.5633
    1.4493
   -0.1934
   -2.1272
    0.5801
    3.5629
    1.9209
    0.8659
    2.7689
   -1.5498
   -0.7298
    1.4202
   -2.6203
    1.0832
    0.3305
   -2.3145
    0.5603
    2.3238
   -1.3782
    0.0874
   -1.9926
    0.7875
   -0.1608
   -1.9676
   -1.2606
   -1.0428
   -2.7849
    0.5563
   -0.7812
   -1.2458
    0.3096
    2.7786
   -2.1929
    2.8736
    0.9933
   -0.4454
    5.7600
    1.2378
   -0.3785
    0.0838
   -1.6296
    1.5992
    3.6216
   -2.2786
   -4.4137
   -3.7070
   -0.6838
    0.0880
   -4.6624
    0.0084
   -4.7987
    3.6444
   -0.1345
   -7.2761
   -1.1917
   -0.0506
    1.8552
   -2.2403
    0.7565
   -2.7181
    3.5916
    2.6599
    1.6726
    0.4798
   -3.2743
   -2.1554
    3.4741
    0.8480
    0.8742
   -4.3915
   -0.7156
   -0.1275
   -2.9305
   -3.3349
   -1.5950
    0.4219
   -3.8929
    1.5248
   -1.7903
   -2.1744
    0.5825
    0.4759
    1.7395
   -0.6065
   -0.7027
    1.1453
    2.1338
    2.0036
   -0.8058
   -1.4955
    1.5517
    1.5498
    2.0445
    0.8632
   -3.0270
   -3.2213
    3.6116
   -0.8094
   -5.6811
   -1.3724
   -0.6601
   -2.3406
   -3.5934
   -0.8781
   -3.1622
    2.8296
    0.4324
    1.1729
    1.6570
   -1.2162
    0.0727
    2.7604
   -2.8067
    0.4688
   -0.1770
    2.9016
    0.3339
    0.4347
   -1.4331
   -5.7146
   -0.1477
   -1.0255
    1.3671
   -4.8170
   -1.9126
   -0.0788
   -2.3179
   -0.9303
    1.5713
    0.8019
   -2.0004
    0.8781
    0.2577
    2.0572
    1.3046
    2.1647
    3.6260
    4.4188
    3.0179
    1.5622
    4.2125
    0.6748
    1.2774
    2.0600
   -2.8104
   -1.7195
   -1.1538
   -1.5186
   -1.6252
   -4.4078
   -3.1657
    3.3091
    0.4645
   -0.7510
    1.7588
   -0.9326
   -2.6126
   -2.8314
   -1.9410
    3.6126
    0.0797
    4.1223
   -0.6783
    1.6408
   -1.3562
   -0.1738
   -2.0537
    1.0402
   -0.9566
    0.4103
    1.3688
   -3.3501
    3.2930
   -2.2168
   -1.7039
   -1.1791
    0.1935
   -1.1836
   -0.6649
    1.5536
    0.5632
    0.6240
    0.8652
    3.3581
   -0.8513
    0.9815
    4.2456
    2.8505
    3.3570
   -3.5571
    1.6408
    3.0843
    0.5198
   -1.8383
   -3.7749
   -0.7835
    1.2619
    1.2475
   -0.1003
   -4.5162
    0.3553
   -0.0424
    0.8149
   -1.5002
   -3.7721
    0.7869
    5.8745
    0.8444
    4.3342
   -2.7572
    2.3711
    1.7031
    3.3593
    1.0747
   -1.9122
   -0.3062
    0.2938
   -1.3768
    1.4669
   -4.4601
   -0.3560
   -0.5965
   -0.7362
   -5.5310
   -1.1596
   -0.4116
   -1.4264
    0.3595
   -2.1215
   -0.2265
   -0.3087
   -1.3944
    1.8522
    1.2435
   -1.6896
    1.9334
    1.8350
    2.9022
    0.4676
    0.6421
    2.0338
    4.4504
    2.1504
   -0.9384
    1.5485
   -1.0243
    2.8732
   -4.7556
    1.6108
   -2.1811
   -3.9427
   -1.2962
   -0.4300
   -0.8368
   -2.6287
    1.5145
    1.0467
   -0.2783
    0.3958
   -2.1551
   -2.4426
    3.6171
   -1.7169
    0.6178
    1.5592
    1.7480
   -0.8249
   -0.8745
   -0.7467
   -1.1329
   -1.0225
    2.3338
   -3.7986
   -4.9094
   -1.8257
   -4.9530
    1.9528
    0.4416
    0.2335
    0.0070
   -2.5711
    1.1602
   -0.3747
    1.7802
   -2.9381
   -0.1620
    6.2793
    0.7344
    0.9443
   -3.7293
    0.9928
   -1.3961
    1.2472
    0.3781
   -0.2989
   -1.8644
    1.8965
   -0.8667
   -2.4400
   -0.6966
    2.3120
   -2.0438
    0.2265
   -2.6913
   -1.4993
   -1.7193
   -2.4496
   -1.3620
    1.3031
   -5.0303
   -0.6651
    1.2220
    1.6044
   -2.0638
    1.2967
    2.8874
   -0.2843
    0.2432
    0.8364
   -1.2486
   -1.4898
    1.8970
   -1.5595
   -1.5026
   -5.2475
   -4.6229
   -1.4668
   -0.7765
   -0.4144
    0.7307
   -1.1819
    0.0827
    0.7783
    1.9030
   -0.8498
    1.9922
    2.9867
    1.2777
    0.2144
   -1.1725
   -3.3535
   -2.7427
    4.3836
    0.3992
   -0.3546
   -0.7189
   -1.6752
    1.5082
   -1.0977
   -4.1076
    0.9936
   -0.2701
    0.0552
   -1.6479
   -4.3819
    0.7823
    3.6395
    1.9196
    2.4791
    0.7092
   -3.0834
    1.1606
    1.5181
    1.9099
    1.8799
    2.5900
   -0.4465
    2.2648
   -0.2334
   -1.6797
   -0.5203
   -1.0108
   -0.6696
   -2.3451
   -1.1430
   -1.4289
    0.8456
    1.6190
   -1.0731
   -3.6175
   -0.4187
    2.9837
    0.5100
    2.8057
    0.6746
   -0.4008
    1.6738
    1.7361
    1.4631
   -1.3856
    0.9403
    3.8326
    1.2580
   -0.4593
   -2.9022
    0.0261
    0.4366
   -1.8442
   -0.7414
    1.4915
   -1.4957
   -1.0116
    0.8770
   -0.0319
   -2.7759
    0.8230
   -0.9926
    2.0054
    0.5212
   -0.2024
   -0.9869
    1.2994
    2.4328
    3.3231
    1.5343
   -0.0760
    0.6406
   -0.3049
    0.8060
   -1.0692
    1.2899
    3.2604
    0.5319
    0.2027
   -1.7370
   -3.7181
   -0.1924
   -2.1026
   -1.0693
   -0.1290
   -0.3585
    4.5578
   -0.5056
    3.4460
   -0.8365
    0.0748
    3.1875
    1.4860
    0.7395
   -0.7469
    1.9108
    6.0099
   -1.1875
   -0.8476
    1.0492
    0.1007
    2.5153
    0.6169
   -1.0528
   -3.0741
   -0.7429
    1.6939
   -0.6029
    1.8505
   -0.1369
   -3.2113
    2.4752
    6.0969
    2.2306
    2.2975
   -3.5316
    3.1399
    3.7582
    1.8617
    1.6977
   -2.0518
    0.7640
   -0.7139
   -1.8413
   -2.8945
   -0.4678
    0.1655
    0.4072
   -0.8996
   -3.0825
    0.4228
   -1.3958
    3.1938
   -0.1933
   -3.7624
    0.6356
    0.1483
    1.8272
    1.0901
    3.6544
    0.9234
    2.5206
    0.2325
    2.8382
   -0.6729
    1.1344
    2.8753
    2.5686
   -2.5828
   -1.4381
   -0.5872
    4.2438
    0.1546
   -1.7710
    0.0800
   -2.6578
   -2.1764
    0.9448
   -4.2008
   -2.7356
    1.0653
    2.8817
   -0.3447
   -0.2383
    2.7466
    2.8628
    3.4418
    1.3162
    2.6567
    1.4171
    1.9798
   -1.4641
    0.5025
   -2.7747
   -2.2069
   -1.4781
    1.8614
   -0.1792
    0.1934
   -1.5426
   -0.7063
   -4.7057
   -1.5427
    3.0613
   -1.3162
   -1.4229
    0.2261
   -2.8897
    1.1593
   -1.8860
    0.6687
    4.1881
    4.5389
   -3.3086
    3.0741
    2.5557
   -1.1024
   -4.8590
   -0.3886
   -4.0807
    0.4596
   -2.8976
   -2.3362
   -1.4257
   -3.2764
   -1.1361
    0.0500
    0.9548
    4.4607
   -0.6981
    1.1179
   -5.0087
    3.9836
   -3.0220
   -0.3829
   -0.5262
    0.1646
    4.0350
    1.2913
    1.6427
   -0.6809
    4.6309
   -2.5521
   -1.5920
   -2.4085
   -2.1587
   -1.5634
    3.4804
   -0.6595
    0.0894
   -0.9352
    0.2623
    2.9225
   -2.0341
   -1.3948
   -0.9523
    0.1849
    0.9006
   -0.8082
   -3.2217
    3.2246
    2.4185
    0.0714
    2.9016
    0.5905
   -2.3623
    0.5827
    1.2680
    1.1868
   -2.4732
    0.0892
   -2.7467
   -0.6741
   -0.6769
   -2.2761
   -1.0684
   -2.7009
    4.3202
    2.1248
   -3.3156
    0.0540
    0.7753
    1.9076
    0.8566
    0.8638
   -0.5947
   -0.8945
    2.4300
    1.0278
   -0.3331
    3.6867
    2.8154
   -1.8512
    1.4868
    0.4381
    2.4307
   -0.1807
    0.4839
   -2.7803
    0.4193
   -0.2070
   -1.3923
   -0.7431
   -0.5710
    0.1883
   -1.1224
    2.2560
    0.7036
    1.8688
    1.4107
    2.2730
    2.4113
    0.8574
   -1.9647
   -1.6165
   -1.8380
    3.8264
   -1.2540
   -0.9837
    1.4509
    0.8990
   -2.3741
   -3.0998
   -3.9168
   -1.7374
   -0.9268
   -1.7764
   -2.0796
    0.7732
   -2.2249
   -0.8848
    2.5281
    1.0152
   -3.4263
   -2.1254
    3.9024
    1.9100
    3.9819
    1.6315
   -4.5885
   -0.8708
    2.7083
   -1.3299
    1.2854
    0.8172
    0.4577
   -1.5636
    3.5275
   -2.6744
   -0.4947
   -3.7177
   -4.5413
    2.5168
    0.0783
   -0.5023
    3.8234
    0.8427
   -2.5084
    0.1204
   -0.1134
   -0.7594
    2.7689
    2.4712
   -3.9950
    1.8105
    1.0471
    1.4403
    0.0678
    1.6123
   -0.7756
    0.4383
   -2.1676
    0.2871
   -5.3921
   -0.3665
    2.7424
    2.3233
    4.7918
   -0.8552
    1.9702
   -0.4634
    2.5590
    2.2102
   -1.1438
    0.6102
    0.6541
    3.0793
    3.5872
    0.1710
   -1.5932
    0.7907
    3.5477
    0.2713
   -1.7996
   -0.0503
   -2.4774
   -0.2517
   -3.4952
   -1.7352
   -2.6658
   -1.7307
   -0.9391
    4.3983
   -1.5023
    0.8395
   -0.7692
    0.8206
   -0.2976
    1.5657
    1.1342
    3.6753
    2.7180
    1.3466
   -1.1513
   -0.8889
    3.0810
    4.1581
    1.8978
   -0.0719
    0.1452
    0.2050
   -1.7859
   -0.2804
   -1.0971
    0.0497
   -2.2639
   -0.1157
    2.0110
   -0.6025
   -2.9744
   -2.4016
    0.9620
    1.8952
    2.3847
   -3.3991
    1.2057
    1.3049
    2.6337
   -3.1576
    0.6002
   -0.0697
    2.2854
   -2.9361
   -1.2642
    0.3492
   -2.3130
   -0.0590
    3.9203
   -2.3688
   -2.4470
   -2.0715
   -0.1033
   -1.2937
    4.7069
   -2.0817
   -1.5284
    0.6964
    2.1188
   -1.2496
    1.7929
    3.5515
   -0.4997
    1.1126
   -0.0950
    1.3458
    1.2735
    4.5052
    3.0575
   -2.9873
   -0.6953
   -3.2259
   -1.1582
   -1.7184
   -4.6509
   -1.4921
   -2.1689
    1.9533
    3.6057
   -2.1360
   -2.2771
    3.3931
    0.8464
    2.6862
    0.2587
   -0.1187
    4.8489
    2.4064
    1.8401
   -1.1342
    1.0550
    1.2168
    3.5673
    2.9713
   -1.5809
    0.3322
    1.1782
    0.4733
    2.0522
   -2.2227
   -4.5673
   -0.4926
    1.5017
   -2.4342
    1.7411
    1.6338
   -2.0914
   -0.8093
   -0.4073
   -1.7922
   -0.3775
    0.1058
    5.1448
    0.8080
    0.7867
   -0.7992
    1.2696
    2.4164
   -1.3188
   -3.9802
   -4.9399
   -0.6576
    1.5321
   -2.0988
   -5.3527
    2.4859
   -2.8273
   -2.9804
    0.2225
   -1.8072
   -3.2241
    0.2268
    2.9697
   -0.0951
   -1.3383
   -1.4532
    0.3117
    5.1621
    3.6927
    0.9181
    0.5217
    2.4922
    0.0535
   -1.0043
    2.7791
   -2.4314
   -0.6363
    2.0146
   -1.3200
   -2.0726
    1.3965
   -3.6799
   -0.5634
    2.4924
   -0.1073
   -1.7038
    2.0223
    1.7574
    6.2924
    0.6725
    2.0844
    1.4889
    0.2236
   -0.6335
    1.0562
   -3.3696
   -1.1644
    0.2920
   -0.6665
    0.9499
   -4.1640
    1.6704
   -2.4420
   -1.3086
   -1.7108
   -2.5424
   -4.5742
    2.7135
   -0.5546
    0.5062
   -0.4631
   -1.0828
   -0.2384
    1.7663
   -0.9041
    1.3422
    2.1059
   -0.7139
   -2.3619
    1.7266
   -0.5932
    1.3452
    0.6832
   -0.5024
   -3.1038
   -2.7660
   -0.7268
    2.3883
    2.6293
   -3.4311
   -2.8918
   -3.8603
    1.3038
   -0.8005
    1.2326
   -0.4030
    0.6520
    0.7426
   -1.4750
    3.2780
    0.4563
    3.9120
    0.4760
    2.9254
    1.3149
   -1.0361
    4.6466
   -0.9769
    2.8274
    0.1377
   -2.4510
   -3.5003
    1.8660
   -4.3196
   -1.0465
   -2.0076
    0.6595
    0.0855
   -2.2151
   -0.8293
   -3.1604
    2.7212
    0.9134
   -0.5473
    0.7319
   -0.1053
   -1.3951
    3.5295
    5.0721
    1.2163
    2.4890
   -0.5426
   -1.6985
    2.4138
   -2.2126
    0.3333
   -0.7038
    0.5803
    1.0027
   -2.8394
   -0.1804
    3.8574
    0.4444
   -0.4497
   -2.0058
   -3.0503
   -5.3407
    1.4074
    2.3718
    0.0447
    0.5972
   -2.7242
   -1.1770
    2.3427
   -3.7730
    2.1482
    1.8925
    1.1985
   -1.7072
   -0.2927
   -1.4823
   -0.8790
   -0.3993
   -1.0790
   -0.4383
   -2.8456
    0.3603
    1.3098
    2.1048
   -0.0939
    2.3398
   -0.0528
    3.1122
   -1.6500
   -0.0970
   -3.1807
    0.7997
    2.3424
    2.3894
    0.0686
    4.2162
    0.6103
    2.4768
    2.7654
    2.2367
   -3.6179
   -1.8422
   -2.3474
   -3.2912
    0.5173
   -2.1586
   -0.5045
    1.1657
    6.0280
    1.3545
    0.3264
    0.3264
